0.01385	161660704	0.14042 -0.02374 0.00519	0.13657 -0.02036 0.01805	1.00000	-0.00006	-0.00363	0.00006	1.00000	-0.00007	0.00363	0.00007	0.99999
0.02733	161660720	0.16958 -0.01892 0.01905	0.18910 -0.00388 0.03087	1.00000	-0.00019	-0.00367	0.00019	1.00000	-0.00075	0.00367	0.00075	0.99999
0.01550	161660736	0.19719 -0.03174 0.02087	0.20927 -0.03990 0.01559	0.99999	-0.00025	-0.00373	0.00024	1.00000	-0.00125	0.00373	0.00125	0.99999
0.02894	161660752	0.23450 -0.05269 0.00948	0.24654 -0.06252 -0.01494	0.99999	-0.00024	-0.00396	0.00023	1.00000	-0.00218	0.00397	0.00218	0.99999
0.03604	161660768	0.27162 -0.04551 -0.00785	0.27585 -0.01913 -0.03204	0.99999	-0.00010	-0.00418	0.00008	0.99999	-0.00360	0.00418	0.00360	0.99999
0.03599	161660784	0.30664 -0.01741 -0.01719	0.30640 0.01750 -0.02594	0.99999	0.00006	-0.00417	-0.00009	0.99999	-0.00526	0.00417	0.00526	0.99998
0.00868	161660800	0.34258 0.00245 -0.02378	0.34366 0.01079 -0.02594	0.99999	0.00020	-0.00405	-0.00023	0.99997	-0.00711	0.00405	0.00711	0.99997
0.03884	161660832	0.40389 -0.01467 -0.03217	0.39070 -0.05029 -0.02411	0.99999	0.00035	-0.00421	-0.00039	0.99996	-0.00944	0.00421	0.00944	0.99995
0.04215	161660848	0.43505 -0.05323 -0.03428	0.42613 -0.09245 -0.02167	0.99999	0.00045	-0.00459	-0.00050	0.99993	-0.01153	0.00459	0.01153	0.99992
0.04627	161660864	0.47110 -0.10558 -0.04063	0.46217 -0.15048 -0.03389	0.99998	0.00071	-0.00587	-0.00080	0.99987	-0.01606	0.00586	0.01606	0.99985
0.02658	161660880	0.49749 -0.14925 -0.04040	0.47987 -0.16635 -0.03021	0.99998	0.00081	-0.00646	-0.00092	0.99984	-0.01778	0.00645	0.01778	0.99982
0.02951	161660896	0.53494 -0.17197 -0.02532	0.54097 -0.15475 -0.00212	0.99997	0.00090	-0.00797	-0.00108	0.99975	-0.02246	0.00795	0.02247	0.99972
0.05538	161660912	0.58395 -0.16868 -0.01281	0.60695 -0.11871 -0.00639	0.99996	0.00081	-0.00936	-0.00108	0.99960	-0.02832	0.00933	0.02833	0.99956
0.05836	161660928	0.63275 -0.16139 -0.02262	0.64726 -0.11322 -0.05220	0.99994	0.00115	-0.01091	-0.00155	0.99931	-0.03700	0.01086	0.03701	0.99926
0.03176	161660944	0.69523 -0.16705 -0.02937	0.71690 -0.15231 -0.04730	0.99992	0.00178	-0.01275	-0.00237	0.99892	-0.04633	0.01266	0.04636	0.99885
0.01338	161660960	0.76107 -0.18709 -0.02275	0.76883 -0.19690 -0.01801	0.99989	0.00200	-0.01476	-0.00280	0.99850	-0.05469	0.01463	0.05473	0.99840
0.01595	161660976	0.81686 -0.21144 -0.01533	0.80853 -0.21890 -0.00395	0.99984	0.00191	-0.01778	-0.00307	0.99783	-0.06576	0.01761	0.06580	0.99768
0.03793	161660992	0.85541 -0.21144 -0.01909	0.82074 -0.19629 -0.02167	0.99979	0.00187	-0.02034	-0.00341	0.99712	-0.07574	0.02014	0.07579	0.99692
0.05375	161661008	0.88389 -0.18126 -0.03375	0.84457 -0.14925 -0.05159	0.99974	0.00220	-0.02281	-0.00419	0.99614	-0.08765	0.02253	0.08773	0.99589
0.01046	161661024	0.92733 -0.16795 -0.03383	0.91788 -0.17125 -0.03082	0.99965	0.00276	-0.02649	-0.00563	0.99405	-0.10882	0.02603	0.10893	0.99371
0.03162	161661040	0.95061 -0.16471 -0.03271	0.92154 -0.17613 -0.02777	0.99964	0.00276	-0.02690	-0.00573	0.99382	-0.11089	0.02642	0.11100	0.99347
0.03485	161661056	0.95867 -0.18733 -0.03498	0.93864 -0.21584 -0.03571	0.99951	0.00280	-0.03114	-0.00683	0.99146	-0.13025	0.03051	0.13040	0.99099
0.02971	161661072	0.95426 -0.20563 -0.03879	0.92642 -0.21584 -0.04059	0.99940	0.00295	-0.03473	-0.00797	0.98937	-0.14520	0.03393	0.14538	0.98879
0.01635	161661088	0.94845 -0.21434 -0.03466	0.93742 -0.20668 -0.02533	0.99929	0.00293	-0.03772	-0.00886	0.98740	-0.15803	0.03678	0.15825	0.98671
0.02132	161661104	0.94780 -0.20649 -0.02229	0.95636 -0.19080 -0.01067	0.99914	0.00250	-0.04150	-0.00976	0.98441	-0.17565	0.04041	0.17590	0.98358
0.02233	161661120	0.95338 -0.18431 -0.01682	0.96614 -0.16635 -0.02045	0.99901	0.00208	-0.04446	-0.01056	0.98148	-0.19130	0.04324	0.19158	0.98053
0.02040	161661136	0.96534 -0.16636 -0.01373	0.98569 -0.16576 -0.01250	0.99888	0.00164	-0.04729	-0.01143	0.97821	-0.20733	0.04592	0.20763	0.97713
0.02530	161661152	0.98140 -0.14938 -0.00876	1.00523 -0.14499 -0.00150	0.99877	0.00102	-0.04961	-0.01200	0.97507	-0.22159	0.04815	0.22191	0.97388
0.01420	161661184	0.99511 -0.13990 -0.00253	1.00279 -0.14865 -0.01067	0.99863	0.00010	-0.05241	-0.01274	0.97047	-0.24090	0.05084	0.24123	0.96914
0.03181	161661200	1.00183 -0.15978 -0.01059	1.00523 -0.18408 -0.03082	0.99847	-0.00041	-0.05527	-0.01386	0.96616	-0.25757	0.05351	0.25794	0.96468
0.02221	161661216	1.01334 -0.15944 -0.02387	1.02539 -0.16454 -0.04182	0.99832	-0.00074	-0.05792	-0.01508	0.96213	-0.27217	0.05593	0.27259	0.96050
0.02148	161661232	1.02288 -0.14035 -0.04599	1.03271 -0.13092 -0.06259	0.99818	-0.00087	-0.06040	-0.01669	0.95698	-0.28966	0.05805	0.29014	0.95522
0.01339	161661248	1.02174 -0.12339 -0.06713	1.01012 -0.12177 -0.07358	0.99806	-0.00075	-0.06224	-0.01826	0.95243	-0.30422	0.05950	0.30477	0.95057
0.02283	161661264	1.01901 -0.11249 -0.07094	1.00218 -0.10710 -0.05647	0.99794	-0.00069	-0.06422	-0.01998	0.94704	-0.32051	0.06104	0.32113	0.94507
0.01497	161661280	1.01520 -0.10201 -0.07681	1.01500 -0.09734 -0.06259	0.99783	-0.00082	-0.06594	-0.02149	0.94129	-0.33692	0.06235	0.33760	0.93922
0.01122	161661296	1.00299 -0.10190 -0.09988	0.99545 -0.10588 -0.10718	0.99769	-0.00053	-0.06791	-0.02370	0.93439	-0.35546	0.06365	0.35625	0.93222
0.02198	161661312	0.97187 -0.09906 -0.12281	0.95148 -0.10588 -0.12733	0.99757	0.00040	-0.06972	-0.02627	0.92844	-0.37055	0.06458	0.37148	0.92619
0.01950	161661328	0.94413 -0.08326 -0.12911	0.93437 -0.07594 -0.11389	0.99746	0.00133	-0.07121	-0.02869	0.92263	-0.38463	0.06519	0.38569	0.92032
0.02130	161661344	0.91266 -0.05843 -0.13278	0.90443 -0.04602 -0.11755	0.99740	0.00200	-0.07211	-0.03062	0.91687	-0.39802	0.06531	0.39919	0.91454
0.01289	161661360	0.88351 -0.04807 -0.14753	0.88611 -0.06068 -0.14810	0.99734	0.00291	-0.07284	-0.03251	0.91210	-0.40867	0.06524	0.40996	0.90977
0.03566	161661376	0.86044 -0.05566 -0.14766	0.87329 -0.08572 -0.13344	0.99728	0.00376	-0.07368	-0.03425	0.90813	-0.41728	0.06534	0.41867	0.90579
0.06088	161661392	0.85446 -0.07266 -0.12378	0.88977 -0.10527 -0.08641	0.99714	0.00446	-0.07551	-0.03668	0.90155	-0.43113	0.06616	0.43266	0.89913
0.02262	161661408	0.83930 -0.08212 -0.10428	0.85619 -0.07718 -0.09007	0.99703	0.00465	-0.07697	-0.03836	0.89577	-0.44286	0.06689	0.44449	0.89328
0.04685	161661424	0.79996 -0.07503 -0.12324	0.77983 -0.04907 -0.15665	0.99695	0.00553	-0.07785	-0.04031	0.89058	-0.45303	0.06683	0.45479	0.88809
0.06281	161661440	0.74015 -0.04567 -0.14758	0.69980 -0.00998 -0.17987	0.99691	0.00731	-0.07830	-0.04282	0.88562	-0.46243	0.06597	0.46435	0.88319
0.03129	161661456	0.69626 -0.01640 -0.13299	0.69247 0.00406 -0.10962	0.99689	0.00853	-0.07839	-0.04456	0.88112	-0.47080	0.06505	0.47282	0.87875
0.04073	161661472	0.66835 -0.00872 -0.10130	0.69185 -0.01976 -0.06992	0.99688	0.00883	-0.07851	-0.04534	0.87774	-0.47699	0.06470	0.47906	0.87539
0.03815	161661488	0.62931 -0.02370 -0.07463	0.63199 -0.06068 -0.06563	0.99684	0.00897	-0.07903	-0.04621	0.87404	-0.48365	0.06473	0.48577	0.87169
0.03223	161661520	0.55641 -0.05063 -0.05644	0.56540 -0.07718 -0.07236	0.99677	0.00918	-0.07984	-0.04720	0.87097	-0.48906	0.06505	0.49125	0.86859
0.01490	161661536	0.51848 -0.05218 -0.05445	0.52753 -0.04419 -0.06319	0.99672	0.00940	-0.08038	-0.04794	0.86876	-0.49291	0.06520	0.49514	0.86636
0.03089	161661552	0.47371 -0.03341 -0.05042	0.47806 -0.00510 -0.06197	0.99670	0.00960	-0.08071	-0.04861	0.86626	-0.49723	0.06514	0.49951	0.86386
0.03157	161661568	0.42544 -0.00404 -0.03624	0.42184 0.02727 -0.03815	0.99670	0.00971	-0.08063	-0.04888	0.86455	-0.50017	0.06485	0.50246	0.86217
0.01566	161661584	0.37745 0.01748 -0.02535	0.37604 0.03278 -0.02838	0.99671	0.00970	-0.08047	-0.04895	0.86339	-0.50216	0.06461	0.50444	0.86103
0.01097	161661600	0.33318 0.02227 -0.02244	0.33266 0.02055 -0.03326	0.99672	0.00972	-0.08035	-0.04902	0.86248	-0.50371	0.06441	0.50600	0.86013
0.02272	161661616	0.28857 0.01802 -0.02185	0.28380 0.00713 -0.04121	0.99673	0.00982	-0.08029	-0.04921	0.86145	-0.50546	0.06420	0.50776	0.85911
0.02289	161661632	0.25980 0.01512 -0.02158	0.27402 0.00406 -0.03571	0.99673	0.00987	-0.08028	-0.04929	0.86106	-0.50611	0.06414	0.50841	0.85872
0.01201	161661648	0.21314 0.02024 -0.03233	0.21416 0.01016 -0.03877	0.99673	0.00997	-0.08025	-0.04946	0.86030	-0.50739	0.06398	0.50969	0.85798
0.01751	161661664	0.16572 0.02704 -0.04092	0.17566 0.01811 -0.02960	0.99673	0.01002	-0.08023	-0.04951	0.86006	-0.50778	0.06391	0.51009	0.85774
0.02917	161661680	0.11647 0.04868 -0.02655	0.11946 0.05965 0.00032	0.99674	0.01003	-0.08013	-0.04950	0.85986	-0.50813	0.06380	0.51044	0.85755
0.01134	161661696	0.07693 0.05861 -0.00600	0.07854 0.05904 0.00522	0.99675	0.01000	-0.08001	-0.04943	0.85976	-0.50831	0.06370	0.51061	0.85745
0.00226	161661712	0.03833 0.05851 0.00561	0.03946 0.05659 0.00522	0.99675	0.01000	-0.07992	-0.04939	0.85972	-0.50838	0.06363	0.51068	0.85742
0.02634	161661728	0.01460 0.05099 0.01458	0.04068 0.04744 0.01559	0.99676	0.00998	-0.07987	-0.04935	0.85970	-0.50842	0.06359	0.51071	0.85740
0.02883	161661744	0.00977 0.04153 0.02609	0.03761 0.03583 0.03087	0.99676	0.00995	-0.07983	-0.04930	0.85968	-0.50846	0.06356	0.51075	0.85738
0.01905	161661760	0.00296 0.04218 0.03494	0.02051 0.03644 0.03026	0.99677	0.00992	-0.07980	-0.04927	0.85966	-0.50848	0.06355	0.51076	0.85737
0.01090	161661776	-0.00635 0.05347 0.04215	0.00037 0.05843 0.03514	0.99677	0.00989	-0.07975	-0.04921	0.85966	-0.50849	0.06353	0.51077	0.85737
0.01631	161661792	-0.00997 0.06369 0.04477	-0.00331 0.06699 0.03026	0.99678	0.00985	-0.07968	-0.04915	0.85966	-0.50849	0.06349	0.51077	0.85737
0.02553	161661808	0.00102 0.04826 0.04814	0.01440 0.02727 0.04248	0.99678	0.00981	-0.07962	-0.04908	0.85966	-0.50850	0.06346	0.51077	0.85737
0.03206	161661824	0.02323 0.01409 0.05086	0.03702 -0.01486 0.05103	0.99678	0.00977	-0.07962	-0.04905	0.85965	-0.50852	0.06348	0.51079	0.85736
0.01537	161661840	0.03555 -0.01346 0.04398	0.02419 -0.01976 0.03577	0.99678	0.00972	-0.07965	-0.04902	0.85964	-0.50855	0.06352	0.51081	0.85734
0.06682	161661872	0.02750 0.00188 0.02125	-0.01859 0.04866 0.00888	0.99678	0.00971	-0.07963	-0.04900	0.85964	-0.50855	0.06352	0.51081	0.85735
0.06192	161661888	0.00182 0.04681 0.01787	-0.03262 0.09752 0.02660	0.99679	0.00968	-0.07951	-0.04891	0.85966	-0.50851	0.06343	0.51077	0.85738
0.02117	161661904	-0.01012 0.06411 0.02160	-0.02469 0.07004 0.03577	0.99680	0.00964	-0.07939	-0.04881	0.85969	-0.50849	0.06335	0.51073	0.85740
0.03090	161661920	-0.01578 0.05994 0.01764	-0.01369 0.02911 0.01805	0.99680	0.00962	-0.07935	-0.04877	0.85970	-0.50847	0.06333	0.51072	0.85741
0.04327	161661936	-0.01415 0.03964 0.00189	-0.00209 -0.00081 -0.00761	0.99680	0.00961	-0.07935	-0.04877	0.85970	-0.50847	0.06333	0.51072	0.85742
0.03236	161661952	-0.00148 0.02356 -0.01011	0.02113 0.00041 -0.01006	0.99680	0.00962	-0.07935	-0.04877	0.85969	-0.50848	0.06333	0.51072	0.85741
0.00917	161661968	0.00823 0.01349 -0.01762	0.01318 0.00772 -0.01250	0.99680	0.00962	-0.07935	-0.04877	0.85969	-0.50848	0.06332	0.51073	0.85741
0.01892	161661984	0.00509 0.01621 -0.02548	-0.00758 0.02972 -0.02167	0.99680	0.00963	-0.07934	-0.04878	0.85969	-0.50848	0.06331	0.51073	0.85741
0.03867	161662000	-0.00754 0.03655 -0.02438	-0.02652 0.06577 -0.00761	0.99681	0.00964	-0.07930	-0.04877	0.85970	-0.50847	0.06327	0.51071	0.85742
0.03958	161662016	-0.01922 0.06570 -0.01340	-0.03262 0.09508 0.00949	0.99682	0.00964	-0.07915	-0.04868	0.85973	-0.50843	0.06314	0.51066	0.85746
0.01947	161662032	-0.02223 0.06395 -0.00275	-0.02591 0.05171 0.01193	0.99683	0.00962	-0.07902	-0.04860	0.85975	-0.50839	0.06305	0.51062	0.85749
0.02212	161662048	-0.02214 0.04680 0.01250	-0.02530 0.02789 0.02354	0.99683	0.00961	-0.07899	-0.04858	0.85976	-0.50838	0.06303	0.51061	0.85750
0.02755	161662064	-0.03007 0.02608 0.03681	-0.04118 0.00772 0.05409	0.99683	0.00957	-0.07898	-0.04854	0.85978	-0.50835	0.06304	0.51057	0.85752
0.01090	161662080	-0.04560 0.03022 0.05510	-0.05219 0.03827 0.05836	0.99684	0.00950	-0.07895	-0.04845	0.85982	-0.50830	0.06306	0.51052	0.85755
0.02702	161662096	-0.06891 0.06381 0.06211	-0.06744 0.08165 0.04187	0.99685	0.00943	-0.07885	-0.04834	0.85987	-0.50822	0.06301	0.51043	0.85761
0.03260	161662112	-0.07987 0.07512 0.06125	-0.06989 0.06882 0.03087	0.99686	0.00938	-0.07870	-0.04821	0.85994	-0.50811	0.06291	0.51031	0.85769
0.04028	161662128	-0.07558 0.05685 0.05476	-0.05463 0.03400 0.02904	0.99687	0.00933	-0.07862	-0.04812	0.86000	-0.50803	0.06287	0.51022	0.85775
0.03336	161662144	-0.06759 0.02930 0.03685	-0.05219 0.01079 0.01376	0.99687	0.00932	-0.07860	-0.04809	0.86002	-0.50799	0.06286	0.51018	0.85777
0.02921	161662160	-0.05763 0.00800 0.00309	-0.04912 0.00528 -0.02472	0.99687	0.00933	-0.07859	-0.04810	0.86005	-0.50794	0.06285	0.51013	0.85780
0.01241	161662176	-0.04373 -0.00393 -0.02492	-0.03752 0.00284 -0.03326	0.99687	0.00936	-0.07859	-0.04811	0.86006	-0.50792	0.06284	0.51011	0.85781
0.02339	161662192	-0.02960 -0.02738 -0.03779	-0.02225 -0.03746 -0.01801	0.99687	0.00938	-0.07860	-0.04814	0.86007	-0.50789	0.06284	0.51009	0.85783
0.03573	161662224	-0.01363 -0.04759 -0.04710	-0.01796 -0.03746 -0.01311	0.99686	0.00940	-0.07863	-0.04817	0.86008	-0.50788	0.06285	0.51007	0.85783
0.03682	161662240	-0.00886 -0.03596 -0.03385	-0.01674 -0.01425 -0.00517	0.99686	0.00940	-0.07864	-0.04818	0.86009	-0.50787	0.06286	0.51007	0.85784
0.03471	161662256	-0.00758 -0.03016 -0.01796	-0.02286 -0.01242 0.00766	0.99686	0.00940	-0.07865	-0.04818	0.86009	-0.50786	0.06287	0.51006	0.85784
0.03385	161662272	-0.01093 -0.03986 0.00537	-0.03140 -0.03319 0.03148	0.99686	0.00938	-0.07867	-0.04817	0.86010	-0.50784	0.06289	0.51004	0.85785
0.03321	161662288	-0.02713 -0.04124 0.03063	-0.05585 -0.02953 0.04248	0.99686	0.00934	-0.07871	-0.04815	0.86013	-0.50779	0.06296	0.50999	0.85788
0.04653	161662304	-0.05909 -0.02075 0.04569	-0.09250 0.00772 0.03026	0.99686	0.00930	-0.07872	-0.04812	0.86018	-0.50771	0.06299	0.50990	0.85793
0.04986	161662320	-0.10502 0.02312 0.05593	-0.13892 0.05476 0.03760	0.99686	0.00925	-0.07864	-0.04802	0.86032	-0.50749	0.06296	0.50968	0.85806
0.01896	161662336	-0.14686 0.05831 0.06323	-0.15602 0.06026 0.04675	0.99688	0.00918	-0.07850	-0.04786	0.86050	-0.50719	0.06289	0.50937	0.85825
0.03250	161662352	-0.18452 0.07566 0.05901	-0.17986 0.05904 0.03148	0.99689	0.00909	-0.07831	-0.04765	0.86077	-0.50675	0.06280	0.50891	0.85853
0.03532	161662368	-0.21899 0.08353 0.05076	-0.20673 0.05965 0.02782	0.99691	0.00903	-0.07807	-0.04744	0.86117	-0.50610	0.06266	0.50824	0.85893
0.02700	161662384	-0.24878 0.10147 0.04059	-0.22627 0.09203 0.02904	0.99693	0.00900	-0.07781	-0.04723	0.86155	-0.50547	0.06249	0.50760	0.85933
0.03363	161662400	-0.28123 0.10512 0.03496	-0.26476 0.07614 0.03943	0.99697	0.00891	-0.07732	-0.04682	0.86219	-0.50441	0.06217	0.50650	0.86000
0.04456	161662416	-0.31050 0.09125 0.02628	-0.29408 0.04988 0.02415	0.99699	0.00888	-0.07707	-0.04659	0.86280	-0.50340	0.06202	0.50547	0.86061
0.02087	161662432	-0.33947 0.07820 0.01760	-0.32890 0.06026 0.01620	0.99701	0.00889	-0.07677	-0.04636	0.86365	-0.50196	0.06184	0.50402	0.86148
0.01117	161662448	-0.37601 0.06811 0.01035	-0.38327 0.06454 0.01805	0.99705	0.00897	-0.07631	-0.04603	0.86492	-0.49979	0.06152	0.50183	0.86278
0.02070	161662464	-0.42513 0.06673 0.00863	-0.44252 0.07370 0.01743	0.99709	0.00906	-0.07579	-0.04567	0.86641	-0.49724	0.06116	0.49925	0.86430
0.02346	161662480	-0.48296 0.06286 0.00506	-0.50299 0.07492 0.00705	0.99713	0.00923	-0.07523	-0.04533	0.86808	-0.49434	0.06074	0.49633	0.86601
0.02932	161662496	-0.55282 0.06137 0.00582	-0.57570 0.07919 0.01010	0.99717	0.00950	-0.07458	-0.04498	0.87024	-0.49058	0.06024	0.49255	0.86820
0.03592	161662512	-0.64446 0.06853 0.00751	-0.67526 0.08592 0.01376	0.99725	0.00991	-0.07351	-0.04435	0.87405	-0.48381	0.05946	0.48574	0.87208
0.02517	161662528	-0.74600 0.08491 -0.00144	-0.76628 0.09874 -0.00700	0.99734	0.01054	-0.07224	-0.04375	0.87842	-0.47589	0.05844	0.47778	0.87653
0.05024	161662560	-0.87421 0.08868 -0.02518	-0.82616 0.07919 -0.03633	0.99742	0.01166	-0.07090	-0.04347	0.88360	-0.46622	0.05721	0.46810	0.88182
0.06086	161662576	-0.90062 0.07375 -0.03668	-0.84264 0.05537 -0.03877	0.99748	0.01305	-0.06983	-0.04353	0.88910	-0.45565	0.05614	0.45754	0.88742
0.07287	161662592	-0.91008 0.05223 -0.04566	-0.84081 0.03033 -0.03999	0.99751	0.01423	-0.06917	-0.04371	0.89372	-0.44649	0.05547	0.44840	0.89211
0.06041	161662608	-0.91720 0.02116 -0.04719	-0.86525 -0.00693 -0.03448	0.99751	0.01565	-0.06888	-0.04417	0.89917	-0.43538	0.05512	0.43733	0.89761
0.02413	161662624	-0.93378 -0.00267 -0.04298	-0.91840 -0.01242 -0.02716	0.99748	0.01706	-0.06886	-0.04469	0.90490	-0.42328	0.05509	0.42530	0.90338
0.02183	161662640	-0.95870 -0.02392 -0.03460	-0.96909 -0.01242 -0.01923	0.99746	0.01847	-0.06879	-0.04512	0.91116	-0.40959	0.05512	0.41165	0.90968
0.04523	161662656	-0.98859 -0.02969 -0.02831	-1.01613 0.00468 -0.01801	0.99746	0.01972	-0.06855	-0.04537	0.91697	-0.39638	0.05504	0.39848	0.91552
0.04279	161662672	-1.02437 -0.03110 -0.02227	-1.05827 -0.00510 -0.01982	0.99745	0.02152	-0.06809	-0.04570	0.92505	-0.37710	0.05488	0.37925	0.92367
0.04172	161662688	-1.06714 -0.02702 -0.00783	-1.09982 -0.00203 -0.00090	0.99744	0.02306	-0.06777	-0.04592	0.93234	-0.35867	0.05491	0.36086	0.93100
0.03787	161662704	-1.12063 -0.02137 0.00415	-1.15480 -0.00510 0.00278	0.99744	0.02447	-0.06728	-0.04589	0.93987	-0.33845	0.05495	0.34067	0.93858
0.03194	161662720	-1.18419 -0.01994 0.01178	-1.21466 -0.01669 0.00278	0.99742	0.02581	-0.06699	-0.04593	0.94663	-0.31905	0.05518	0.32131	0.94537
0.03370	161662736	-1.26576 -0.00920 0.02701	-1.29836 -0.00081 0.02538	0.99742	0.02733	-0.06649	-0.04573	0.95487	-0.29349	0.05547	0.29577	0.95365
0.01719	161662752	-1.35151 0.00877 0.03894	-1.36493 0.01750 0.03270	0.99745	0.02860	-0.06550	-0.04502	0.96323	-0.26488	0.05552	0.26716	0.96205
0.01707	161662768	-1.43276 0.01595 0.04509	-1.42725 0.00163 0.03760	0.99750	0.03013	-0.06397	-0.04402	0.97259	-0.22831	0.05534	0.23055	0.97149
0.06184	161662784	-1.49072 -0.01510 0.05177	-1.46085 -0.06923 0.05103	0.99749	0.03117	-0.06367	-0.04327	0.97913	-0.19858	0.05616	0.20083	0.97802
0.07054	161662800	-1.52492 -0.06988 0.06306	-1.48222 -0.12604 0.06325	0.99739	0.03196	-0.06478	-0.04245	0.98495	-0.16756	0.05844	0.16987	0.98373
0.04614	161662816	-1.55970 -0.13307 0.08015	-1.53537 -0.17186 0.08586	0.99715	0.03274	-0.06805	-0.04096	0.99155	-0.12314	0.06344	0.12557	0.99006
0.02460	161662832	-1.59467 -0.16998 0.09949	-1.57629 -0.15414 0.10356	0.99694	0.03297	-0.07098	-0.03874	0.99592	-0.08150	0.06801	0.08400	0.99414
0.02625	161662848	-1.62687 -0.20215 0.11870	-1.61050 -0.18164 0.11945	0.99671	0.03316	-0.07404	-0.03603	0.99864	-0.03781	0.07268	0.04036	0.99654
0.04618	161662864	-1.63037 -0.22992 0.14615	-1.59218 -0.20546 0.15488	0.99646	0.03271	-0.07745	-0.03280	0.99946	0.00012	0.07741	0.00242	0.99700
0.06654	161662880	-1.59905 -0.24386 0.16791	-1.54269 -0.20851 0.16649	0.99617	0.03157	-0.08163	-0.02817	0.99870	0.04245	0.08286	-0.03999	0.99576
0.07730	161662912	-1.53218 -0.24143 0.16093	-1.49811 -0.18408 0.12189	0.99585	0.03111	-0.08564	-0.02406	0.99633	0.08214	0.08788	-0.07974	0.99294
0.07812	161662928	-1.46955 -0.18727 0.12546	-1.45291 -0.12482 0.08157	0.99551	0.03211	-0.08905	-0.02037	0.99133	0.12981	0.09245	-0.12741	0.98753
0.04448	161662944	-1.41827 -0.14077 0.09516	-1.42664 -0.10466 0.07057	0.99536	0.03327	-0.09038	-0.01849	0.98701	0.15963	0.09451	-0.15721	0.98303
0.03395	161662960	-1.37840 -0.09927 0.06721	-1.41014 -0.09183 0.05775	0.99522	0.03462	-0.09139	-0.01685	0.98194	0.18844	0.09626	-0.18600	0.97783
0.05184	161662976	-1.35152 -0.06067 0.04491	-1.39914 -0.08023 0.05103	0.99506	0.03644	-0.09241	-0.01515	0.97507	0.22138	0.09817	-0.21888	0.97080
0.06502	161662992	-1.33021 -0.02323 0.03245	-1.38142 -0.05151 0.06081	0.99498	0.03788	-0.09264	-0.01372	0.96850	0.24865	0.09914	-0.24613	0.96416
0.08129	161663008	-1.33583 0.02525 0.02462	-1.41014 0.01994 0.05713	0.99502	0.03978	-0.09147	-0.01212	0.95845	0.28500	0.09901	-0.28247	0.95416
0.09907	161663024	-1.37294 0.10030 0.00985	-1.46451 0.13480 0.02538	0.99541	0.04327	-0.08548	-0.01141	0.93941	0.34260	0.09512	-0.34005	0.93559
0.05827	161663040	-1.41230 0.15436 -0.00067	-1.46756 0.14456 0.01498	0.99550	0.04403	-0.08401	-0.01165	0.93577	0.35242	0.09413	-0.34986	0.93207
0.04652	161663056	-1.45121 0.18759 -0.01084	-1.46878 0.14517 -0.00334	0.99576	0.04654	-0.07942	-0.01274	0.92415	0.38183	0.09116	-0.37920	0.92082
0.08011	161663072	-1.46798 0.19423 -0.01688	-1.44006 0.11951 -0.00945	0.99603	0.04988	-0.07375	-0.01441	0.90772	0.41934	0.08786	-0.41661	0.90483
0.08143	161663088	-1.47241 0.18234 -0.02433	-1.42908 0.11340 -0.02533	0.99619	0.05237	-0.06988	-0.01574	0.89478	0.44624	0.08590	-0.44343	0.89219
0.06081	161663104	-1.46580 0.17054 -0.02836	-1.42419 0.12624 -0.03021	0.99634	0.05551	-0.06503	-0.01781	0.87867	0.47711	0.08363	-0.47420	0.87644
0.07421	161663088	-1.47241 0.18234 -0.02433	-1.42419 0.12624 -0.03021	0.99634	0.05551	-0.06503	-0.01781	0.87867	0.47711	0.08363	-0.47420	0.87644
0.06378	161663104	-1.46580 0.17054 -0.02836	-1.41992 0.12624 -0.02777	0.99637	0.05592	-0.06432	-0.01810	0.87630	0.48144	0.08329	-0.47852	0.87412
0.04247	161663120	-1.41065 0.13655 -0.03735	-1.37471 0.13968 -0.01494	0.99651	0.05813	-0.06002	-0.01982	0.86225	0.50609	0.08117	-0.50313	0.86039
0.07342	161663136	-1.33519 0.11459 -0.00637	-1.27940 0.11769 0.04126	0.99673	0.05975	-0.05453	-0.02134	0.84442	0.53526	0.07803	-0.53234	0.84293
0.06020	161663152	-1.22932 0.10023 0.04123	-1.18716 0.12624 0.07545	0.99694	0.05977	-0.05054	-0.02157	0.83049	0.55662	0.07524	-0.55382	0.82923
0.04997	161663168	-1.14498 0.11230 0.07110	-1.15785 0.15984 0.06264	0.99713	0.05950	-0.04690	-0.02193	0.81928	0.57298	0.07252	-0.57031	0.81823
0.08143	161663184	-1.10883 0.13207 0.08669	-1.17679 0.16472 0.05591	0.99735	0.05939	-0.04224	-0.02291	0.80573	0.59185	0.06918	-0.58931	0.80494
0.09847	161663200	-1.12283 0.13777 0.09705	-1.21649 0.13051 0.06752	0.99754	0.05914	-0.03777	-0.02375	0.79098	0.61139	0.06603	-0.60899	0.79043
0.07351	161663216	-1.15043 0.13952 0.11258	-1.21954 0.11829 0.09929	0.99777	0.05804	-0.03321	-0.02384	0.77276	0.63425	0.06248	-0.63204	0.77242
0.02841	161663248	-1.14974 0.13726 0.13059	-1.16762 0.13235 0.10907	0.99794	0.05688	-0.02984	-0.02384	0.75943	0.65016	0.05964	-0.64810	0.75922
0.06373	161663264	-1.09385 0.14556 0.11610	-1.03384 0.15617 0.09746	0.99818	0.05508	-0.02487	-0.02425	0.74198	0.66999	0.05536	-0.66816	0.74196
0.06487	161663280	-1.02471 0.13769 0.10405	-0.96054 0.13480 0.09502	0.99826	0.05440	-0.02290	-0.02454	0.73542	0.67717	0.05367	-0.67542	0.73548
0.07076	161663296	-0.94074 0.11704 0.09603	-0.87257 0.09814 0.09807	0.99840	0.05300	-0.01992	-0.02469	0.72422	0.68913	0.05095	-0.68754	0.72437
0.05230	161663312	-0.85520 0.10287 0.09949	-0.80537 0.09508 0.11334	0.99849	0.05191	-0.01825	-0.02455	0.71712	0.69652	0.04924	-0.69502	0.71731
0.05651	161663328	-0.75401 0.10413 0.10114	-0.70030 0.11951 0.10966	0.99861	0.05039	-0.01609	-0.02445	0.70946	0.70433	0.04690	-0.70295	0.70970
0.02581	161663344	-0.65542 0.10993 0.09164	-0.63922 0.12991 0.08952	0.99867	0.04952	-0.01450	-0.02465	0.70482	0.70896	0.04533	-0.70766	0.70511
0.03029	161663360	-0.56309 0.11353 0.08142	-0.59096 0.12379 0.07545	0.99873	0.04877	-0.01280	-0.02505	0.70022	0.71349	0.04376	-0.71227	0.70055
0.06326	161663376	-0.48098 0.12554 0.08146	-0.54086 0.14578 0.08401	0.99879	0.04801	-0.01123	-0.02540	0.69621	0.71739	0.04226	-0.71623	0.69659
0.07525	161663392	-0.41894 0.14341 0.06649	-0.49261 0.15556 0.05713	0.99884	0.04742	-0.00956	-0.02600	0.69286	0.72061	0.04079	-0.71951	0.69328
0.07552	161663408	-0.38138 0.14255 0.03182	-0.45108 0.12196 0.01132	0.99886	0.04720	-0.00822	-0.02666	0.69003	0.72330	0.03981	-0.72225	0.69049
0.02864	161663424	-0.33819 0.13960 0.00895	-0.36372 0.12685 0.01132	0.99887	0.04714	-0.00712	-0.02729	0.68766	0.72552	0.03910	-0.72450	0.68817
0.02485	161663440	-0.30759 0.14266 -0.00258	-0.32646 0.14639 0.01315	0.99888	0.04706	-0.00615	-0.02785	0.68613	0.72695	0.03843	-0.72595	0.68667
0.02628	161663456	-0.29263 0.15173 -0.01216	-0.31485 0.15678 0.00095	0.99889	0.04703	-0.00529	-0.02839	0.68494	0.72805	0.03786	-0.72708	0.68551
0.02314	161663472	-0.28104 0.15260 -0.01924	-0.27942 0.13783 -0.00150	0.99889	0.04708	-0.00435	-0.02905	0.68371	0.72918	0.03730	-0.72824	0.68431
0.04938	161663488	-0.23581 0.13283 -0.00883	-0.21954 0.10181 0.02599	0.99889	0.04702	-0.00384	-0.02934	0.68299	0.72984	0.03694	-0.72891	0.68361
0.04704	161663504	-0.17918 0.09714 -0.00193	-0.14381 0.07004 0.01315	0.99890	0.04693	-0.00349	-0.02951	0.68251	0.73028	0.03665	-0.72937	0.68314
0.02327	161663520	-0.12665 0.06183 -0.00797	-0.10898 0.05171 -0.01923	0.99890	0.04694	-0.00336	-0.02961	0.68233	0.73045	0.03658	-0.72954	0.68296
0.01974	161663536	-0.06937 0.03560 -0.01008	-0.05219 0.03888 -0.01923	0.99890	0.04698	-0.00328	-0.02968	0.68222	0.73054	0.03656	-0.72964	0.68286
0.03391	161663552	-0.02591 0.03390 -0.01242	-0.03752 0.06516 -0.01860	0.99890	0.04700	-0.00322	-0.02974	0.68219	0.73057	0.03653	-0.72967	0.68283
0.01003	161663568	0.01081 0.00830 -0.01282	0.00096 0.00713 -0.01433	0.99890	0.04702	-0.00315	-0.02981	0.68216	0.73060	0.03651	-0.72969	0.68281
0.03707	161663600	0.04443 -0.02290 -0.01299	0.01257 -0.00447 -0.01738	0.99890	0.04703	-0.00315	-0.02981	0.68216	0.73060	0.03651	-0.72969	0.68281
0.01240	161663616	0.06653 -0.03000 -0.01228	0.06572 -0.01791 -0.01494	0.99890	0.04704	-0.00317	-0.02981	0.68219	0.73057	0.03653	-0.72967	0.68283
0.02380	161663632	0.09639 -0.03104 -0.01944	0.10786 -0.01059 -0.02350	0.99889	0.04707	-0.00320	-0.02981	0.68229	0.73047	0.03656	-0.72956	0.68294
0.02605	161663648	0.11570 -0.02832 -0.03554	0.11458 -0.00510 -0.04730	0.99889	0.04714	-0.00322	-0.02985	0.68247	0.73031	0.03663	-0.72940	0.68311
0.03382	161663664	0.11953 -0.01507 -0.05506	0.09869 0.00346 -0.07419	0.99888	0.04728	-0.00324	-0.02994	0.68263	0.73016	0.03673	-0.72924	0.68328
0.01883	161663680	0.10814 -0.00058 -0.06623	0.09015 0.00468 -0.06808	0.99888	0.04742	-0.00323	-0.03005	0.68276	0.73003	0.03683	-0.72911	0.68341
0.02999	161663696	0.09279 -0.00504 -0.06413	0.08710 -0.02831 -0.04608	0.99887	0.04752	-0.00326	-0.03010	0.68287	0.72992	0.03692	-0.72900	0.68353
0.01797	161663712	0.08213 -0.00988 -0.06002	0.08527 -0.02280 -0.04793	0.99887	0.04759	-0.00331	-0.03012	0.68296	0.72984	0.03699	-0.72891	0.68362
0.02121	161663728	0.08248 -0.02160 -0.05730	0.09747 -0.03624 -0.05403	0.99886	0.04768	-0.00337	-0.03015	0.68308	0.72972	0.03710	-0.72879	0.68374
0.03108	161663712	0.08213 -0.00988 -0.06002	0.09747 -0.03624 -0.05403	0.99886	0.04768	-0.00337	-0.03015	0.68308	0.72972	0.03710	-0.72879	0.68374
0.03126	161663728	0.08248 -0.02160 -0.05730	0.10970 -0.03685 -0.05525	0.99886	0.04777	-0.00343	-0.03016	0.68320	0.72962	0.03720	-0.72868	0.68385
0.01976	161663744	0.09502 -0.03387 -0.06045	0.11458 -0.03563 -0.05830	0.99886	0.04780	-0.00346	-0.03017	0.68325	0.72957	0.03724	-0.72862	0.68391
0.01381	161663760	0.09239 -0.03012 -0.06127	0.10481 -0.02464 -0.06381	0.99885	0.04793	-0.00354	-0.03021	0.68342	0.72941	0.03738	-0.72846	0.68408
0.02285	161663776	0.08272 -0.02221 -0.05506	0.08037 0.00041 -0.05281	0.99885	0.04804	-0.00356	-0.03028	0.68354	0.72929	0.03747	-0.72834	0.68420
0.00988	161663792	0.07609 -0.02107 -0.03640	0.08160 -0.02280 -0.02838	0.99884	0.04811	-0.00358	-0.03031	0.68363	0.72920	0.03753	-0.72824	0.68430
0.02398	161663808	0.08603 -0.04001 -0.01813	0.09442 -0.06190 -0.01311	0.99884	0.04814	-0.00366	-0.03028	0.68373	0.72911	0.03760	-0.72815	0.68439
0.01880	161663824	0.10243 -0.05325 0.00049	0.11458 -0.06679 0.00522	0.99884	0.04814	-0.00392	-0.03011	0.68401	0.72885	0.03777	-0.72788	0.68466
0.00762	161663840	0.10791 -0.06002 0.00767	0.10970 -0.06313 0.00095	0.99884	0.04814	-0.00399	-0.03006	0.68409	0.72878	0.03781	-0.72781	0.68474
0.01471	161663856	0.10203 -0.06498 0.00745	0.09564 -0.06435 -0.00578	0.99884	0.04815	-0.00413	-0.02997	0.68424	0.72865	0.03791	-0.72767	0.68488
0.01626	161663872	0.09595 -0.06879 0.00882	0.09137 -0.06190 -0.00517	0.99884	0.04816	-0.00426	-0.02989	0.68437	0.72853	0.03800	-0.72755	0.68501
0.02422	161663888	0.09144 -0.06091 0.01353	0.08893 -0.03809 0.00583	0.99884	0.04815	-0.00436	-0.02982	0.68448	0.72842	0.03806	-0.72744	0.68512
0.01634	161663904	0.08672 -0.04999 0.01036	0.08342 -0.03624 0.00217	0.99884	0.04815	-0.00441	-0.02978	0.68457	0.72835	0.03809	-0.72736	0.68520
0.02832	161663888	0.09144 -0.06091 0.01353	0.08342 -0.03624 0.00217	0.99884	0.04815	-0.00441	-0.02978	0.68457	0.72835	0.03809	-0.72736	0.68520
0.01575	161663904	0.08672 -0.04999 0.01036	0.08405 -0.03868 -0.00027	0.99884	0.04815	-0.00442	-0.02978	0.68458	0.72833	0.03809	-0.72735	0.68521
0.02218	161663920	0.08891 -0.02579 -0.00539	0.09686 -0.00937 -0.01801	0.99884	0.04816	-0.00450	-0.02974	0.68475	0.72817	0.03815	-0.72718	0.68539
0.00697	161663952	0.09124 0.00372 -0.02582	0.09442 -0.00203 -0.02350	0.99884	0.04817	-0.00451	-0.02974	0.68479	0.72814	0.03816	-0.72715	0.68542
0.03038	161663920	0.08891 -0.02579 -0.00539	0.09442 -0.00203 -0.02350	0.99884	0.04817	-0.00451	-0.02974	0.68479	0.72814	0.03816	-0.72715	0.68542
0.00295	161663952	0.09124 0.00372 -0.02582	0.09198 0.00163 -0.02777	0.99884	0.04818	-0.00451	-0.02975	0.68480	0.72813	0.03817	-0.72714	0.68543
0.01074	161663968	0.08889 0.02214 -0.04188	0.08893 0.01140 -0.04182	0.99883	0.04823	-0.00450	-0.02979	0.68489	0.72804	0.03820	-0.72705	0.68553
0.01669	161663984	0.10308 0.02282 -0.04269	0.11153 0.01384 -0.03143	0.99883	0.04831	-0.00448	-0.02987	0.68505	0.72789	0.03823	-0.72690	0.68568
0.01793	161664000	0.11932 0.02084 -0.03424	0.12192 0.01140 -0.01923	0.99883	0.04835	-0.00446	-0.02992	0.68520	0.72774	0.03825	-0.72675	0.68584
0.02998	161664016	0.11273 0.01547 -0.01198	0.09503 0.00894 0.01132	0.99883	0.04836	-0.00447	-0.02993	0.68544	0.72752	0.03825	-0.72652	0.68608
0.01088	161664032	0.11725 0.01663 0.00929	0.11824 0.02301 0.01805	0.99883	0.04833	-0.00443	-0.02995	0.68561	0.72736	0.03819	-0.72637	0.68625
0.00873	161664048	0.12305 0.01621 0.02460	0.12436 0.01994 0.01682	0.99883	0.04833	-0.00443	-0.02995	0.68564	0.72733	0.03819	-0.72634	0.68628
0.02061	161664064	0.14648 0.01230 0.03710	0.16284 0.01016 0.02477	0.99883	0.04827	-0.00441	-0.02994	0.68591	0.72707	0.03812	-0.72609	0.68655
0.04070	161664080	0.18974 -0.00918 0.03375	0.21904 -0.02464 0.01010	0.99884	0.04818	-0.00448	-0.02986	0.68662	0.72641	0.03807	-0.72542	0.68725
0.02459	161664096	0.22228 -0.02381 0.02750	0.23065 -0.02708 0.00461	0.99884	0.04817	-0.00454	-0.02982	0.68689	0.72615	0.03809	-0.72517	0.68752
0.02507	161664112	0.26329 -0.02987 0.01424	0.26913 -0.01791 -0.00700	0.99883	0.04818	-0.00469	-0.02976	0.68767	0.72541	0.03817	-0.72442	0.68831
0.01386	161664128	0.30848 -0.03005 0.00421	0.31067 -0.01791 -0.00212	0.99883	0.04819	-0.00482	-0.02972	0.68858	0.72455	0.03824	-0.72356	0.68921
0.01140	161664144	0.35309 -0.03154 -0.00356	0.35161 -0.02036 -0.00517	0.99883	0.04819	-0.00503	-0.02965	0.68996	0.72324	0.03833	-0.72224	0.69058
0.03130	161664160	0.42637 -0.03563 -0.01143	0.45667 -0.02831 -0.01433	0.99882	0.04833	-0.00545	-0.02960	0.69312	0.72022	0.03859	-0.71920	0.69373
0.04494	161664176	0.52493 -0.05080 -0.00665	0.55869 -0.05946 0.02171	0.99882	0.04828	-0.00605	-0.02931	0.69630	0.71715	0.03884	-0.71612	0.69690
0.03233	161664192	0.61678 -0.06797 0.00824	0.62465 -0.07718 0.03821	0.99884	0.04786	-0.00718	-0.02848	0.70125	0.71235	0.03912	-0.71131	0.70179
0.03108	161664208	0.69469 -0.08842 0.02606	0.67047 -0.09671 0.04370	0.99885	0.04736	-0.00854	-0.02745	0.70642	0.70726	0.03953	-0.70621	0.70691
0.05610	161664224	0.74250 -0.09970 0.04249	0.68697 -0.09305 0.04675	0.99885	0.04718	-0.00896	-0.02712	0.70804	0.70565	0.03964	-0.70459	0.70851
0.04640	161664240	0.79567 -0.08663 0.05248	0.76517 -0.05396 0.04004	0.99887	0.04652	-0.01028	-0.02608	0.71449	0.69917	0.03987	-0.69811	0.71489
0.04608	161664256	0.85424 -0.07683 0.03804	0.83174 -0.06129 0.00095	0.99888	0.04616	-0.01150	-0.02541	0.72212	0.69131	0.04021	-0.69023	0.72248
0.03959	161664288	0.96075 -0.08500 0.01309	0.93254 -0.08939 -0.01433	0.99885	0.04618	-0.01333	-0.02472	0.73134	0.68156	0.04122	-0.68045	0.73164
0.02227	161664304	1.03907 -0.10185 -0.00250	1.05472 -0.11504 -0.01128	0.99879	0.04602	-0.01769	-0.02294	0.75137	0.65949	0.04364	-0.65828	0.75151
0.02305	161664320	1.08471 -0.11599 -0.01627	1.06265 -0.12238 -0.01433	0.99878	0.04600	-0.01856	-0.02259	0.75496	0.65539	0.04416	-0.65416	0.75507
0.02733	161664336	1.11465 -0.11599 -0.02883	1.08893 -0.11015 -0.02167	0.99873	0.04595	-0.02122	-0.02159	0.76601	0.64247	0.04578	-0.64119	0.76602
0.03289	161664352	1.14547 -0.09427 -0.04453	1.12985 -0.06618 -0.03755	0.99866	0.04606	-0.02409	-0.02098	0.78122	0.62391	0.04755	-0.62256	0.78113
0.02013	161664368	1.18091 -0.07629 -0.05402	1.17995 -0.06252 -0.03937	0.99854	0.04651	-0.02788	-0.02093	0.80491	0.59303	0.05002	-0.59157	0.80471
0.02562	161664384	1.20384 -0.06336 -0.05826	1.18727 -0.06190 -0.03877	0.99852	0.04654	-0.02856	-0.02090	0.80894	0.58752	0.05044	-0.58605	0.80871
0.03086	161664400	1.22005 -0.05648 -0.06298	1.19154 -0.06252 -0.05281	0.99845	0.04671	-0.03059	-0.02092	0.82092	0.57067	0.05177	-0.56914	0.82062
0.03035	161664416	1.22602 -0.06180 -0.06307	1.20071 -0.07840 -0.06075	0.99826	0.04753	-0.03501	-0.02136	0.84370	0.53640	0.05503	-0.53472	0.84324
0.02322	161664432	1.25056 -0.05450 -0.05656	1.27158 -0.05396 -0.04671	0.99818	0.04764	-0.03727	-0.02148	0.85518	0.51790	0.05655	-0.51615	0.85464
0.06100	161664448	1.29769 -0.06279 -0.04650	1.35342 -0.08511 -0.03571	0.99807	0.04743	-0.04026	-0.02151	0.87028	0.49209	0.05838	-0.49027	0.86962
0.02517	161664464	1.30018 -0.06769 -0.03045	1.29112 -0.08633 -0.01616	0.99797	0.04672	-0.04357	-0.02105	0.88445	0.46617	0.06031	-0.46430	0.88363
0.00643	161664480	1.30938 -0.06133 -0.01996	1.30516 -0.06435 -0.01616	0.99787	0.04563	-0.04678	-0.02059	0.89892	0.43763	0.06202	-0.43573	0.89794
0.01775	161664496	1.30661 -0.05634 -0.01692	1.29112 -0.04907 -0.02167	0.99779	0.04467	-0.04929	-0.02046	0.91116	0.41156	0.06330	-0.40964	0.91006
0.02047	161664512	1.30084 -0.05843 -0.01202	1.28624 -0.04907 -0.02289	0.99777	0.04442	-0.04995	-0.02047	0.91444	0.40422	0.06363	-0.40229	0.91330
0.02157	161664528	1.30537 -0.05862 -0.01574	1.30272 -0.05090 -0.03571	0.99768	0.04365	-0.05233	-0.02067	0.92558	0.37800	0.06493	-0.37604	0.92433
0.03101	161664544	1.31063 -0.07207 -0.02379	1.33144 -0.08633 -0.04182	0.99751	0.04266	-0.05632	-0.02112	0.94072	0.33853	0.06742	-0.33650	0.93927
0.03806	161664560	1.32665 -0.09192 -0.03342	1.35464 -0.11504 -0.04486	0.99727	0.04163	-0.06115	-0.02133	0.95336	0.30109	0.07083	-0.29896	0.95164
0.01888	161664576	1.33949 -0.10411 -0.04211	1.35464 -0.11504 -0.04486	0.99724	0.04150	-0.06171	-0.02136	0.95468	0.29686	0.07123	-0.29472	0.95293
0.01823	161664592	1.35438 -0.10903 -0.05613	1.36870 -0.09978 -0.06259	0.99703	0.04070	-0.06546	-0.02183	0.96356	0.26660	0.07392	-0.26438	0.96159
0.03594	161664576	1.33949 -0.10411 -0.04211	1.36870 -0.09978 -0.06259	0.99703	0.04070	-0.06546	-0.02183	0.96356	0.26660	0.07392	-0.26438	0.96159
0.04040	161664592	1.35438 -0.10903 -0.05613	1.36870 -0.11259 -0.09373	0.99687	0.04048	-0.06807	-0.02266	0.96937	0.24458	0.07588	-0.24227	0.96724
0.00906	161664608	1.37276 -0.12621 -0.09663	1.36870 -0.11810 -0.09679	0.99679	0.04049	-0.06921	-0.02309	0.97155	0.23573	0.07678	-0.23337	0.96936
0.02975	161664640	1.39224 -0.16171 -0.10981	1.37114 -0.16209 -0.08885	0.99646	0.04044	-0.07388	-0.02455	0.97856	0.20453	0.08056	-0.20199	0.97608
0.04078	161664656	1.38116 -0.16935 -0.09273	1.35281 -0.15170 -0.06931	0.99596	0.03937	-0.08081	-0.02604	0.98680	0.15985	0.08604	-0.15710	0.98383
0.02373	161664672	1.35297 -0.16995 -0.10241	1.33693 -0.15536 -0.11206	0.99547	0.03878	-0.08697	-0.02810	0.99228	0.12081	0.09098	-0.11782	0.98887
0.02186	161664688	1.33927 -0.15592 -0.11299	1.33939 -0.13521 -0.12000	0.99512	0.03874	-0.09085	-0.03010	0.99506	0.09468	0.09406	-0.09148	0.99136
0.01790	161664704	1.32087 -0.13689 -0.11925	1.32655 -0.11993 -0.12000	0.99469	0.03859	-0.09553	-0.03294	0.99765	0.06011	0.09762	-0.05664	0.99362
0.02128	161664720	1.29458 -0.11070 -0.11153	1.29417 -0.09427 -0.09801	0.99441	0.03826	-0.09849	-0.03495	0.99877	0.03515	0.09972	-0.03151	0.99452
0.04184	161664736	1.26118 -0.07795 -0.07509	1.25325 -0.06435 -0.03633	0.99418	0.03696	-0.10130	-0.03637	0.99931	0.00762	0.10151	-0.00389	0.99483
0.01674	161664752	1.23495 -0.05330 -0.03995	1.23798 -0.05396 -0.02350	0.99411	0.03607	-0.10225	-0.03664	0.99933	-0.00369	0.10205	0.00741	0.99476
0.02752	161664768	1.17896 -0.01924 -0.02237	1.15489 -0.01913 -0.03571	0.99400	0.03299	-0.10441	-0.03715	0.99859	-0.03814	0.10300	0.04179	0.99381
0.03790	161664784	1.12363 0.01148 -0.02651	1.11458 -0.00203 -0.06075	0.99395	0.03169	-0.10530	-0.03813	0.99749	-0.05975	0.10314	0.06340	0.99265
0.04344	161664800	1.08920 0.03274 -0.03428	1.10970 0.00835 -0.06381	0.99392	0.03061	-0.10584	-0.03957	0.99571	-0.08364	0.10283	0.08732	0.99087
0.06316	161664816	1.07175 0.03704 -0.03434	1.11519 -0.00569 -0.05098	0.99391	0.03010	-0.10613	-0.04002	0.99490	-0.09266	0.10280	0.09634	0.99003
0.07448	161664832	1.07045 0.02971 -0.02514	1.12802 -0.01730 -0.02045	0.99383	0.02754	-0.10753	-0.04082	0.99154	-0.12326	0.10322	0.12689	0.98654
0.04661	161664848	1.06787 0.02159 -0.02081	1.10419 -0.00693 -0.02716	0.99380	0.02595	-0.10819	-0.04120	0.98912	-0.14124	0.10335	0.14482	0.98405
0.01892	161664864	1.05496 0.01880 -0.02791	1.05287 0.02911 -0.04364	0.99380	0.02450	-0.10853	-0.04188	0.98609	-0.16087	0.10308	0.16441	0.98100
0.02464	161664880	1.02888 0.03361 -0.02924	1.01439 0.05354 -0.02899	0.99387	0.02300	-0.10822	-0.04247	0.98253	-0.18121	0.10216	0.18469	0.97748
0.03639	161664896	1.00495 0.05206 -0.02161	0.99057 0.07492 0.00278	0.99400	0.02137	-0.10740	-0.04245	0.97928	-0.19801	0.10094	0.20138	0.97431
0.03871	161664912	0.97533 0.04441 -0.00285	0.95209 0.02727 0.02293	0.99410	0.01909	-0.10685	-0.04194	0.97552	-0.21590	0.10012	0.21911	0.97056
0.03970	161664928	0.93014 0.02643 0.00026	0.89833 0.00346 -0.00578	0.99413	0.01715	-0.10694	-0.04172	0.97183	-0.23200	0.09995	0.23510	0.96683
0.01542	161664944	0.89803 0.01372 0.00572	0.89833 0.00346 -0.00578	0.99413	0.01715	-0.10694	-0.04172	0.97183	-0.23200	0.09995	0.23510	0.96683
0.04337	161664976	0.81341 0.03594 -0.00858	0.80487 0.06393 -0.04059	0.99420	0.01561	-0.10647	-0.04220	0.96671	-0.25237	0.09899	0.25540	0.96176
0.03116	161664992	0.76413 0.06091 -0.03260	0.76395 0.08409 -0.05342	0.99429	0.01522	-0.10572	-0.04251	0.96440	-0.26103	0.09798	0.26404	0.95953
0.01730	161665008	0.71763 0.07834 -0.05018	0.73340 0.08531 -0.05159	0.99435	0.01503	-0.10519	-0.04273	0.96295	-0.26630	0.09729	0.26929	0.95814
0.02246	161665024	0.67790 0.09307 -0.05916	0.69307 0.09692 -0.04305	0.99444	0.01474	-0.10435	-0.04294	0.96093	-0.27345	0.09624	0.27641	0.95622
0.02207	161665040	0.63894 0.10846 -0.06100	0.64360 0.11340 -0.03999	0.99456	0.01441	-0.10327	-0.04304	0.95881	-0.28079	0.09497	0.28370	0.95420
0.01629	161665056	0.60362 0.12958 -0.06630	0.60632 0.14273 -0.05708	0.99476	0.01422	-0.10134	-0.04322	0.95602	-0.29010	0.09276	0.29296	0.95162
0.03128	161665072	0.57981 0.12989 -0.09011	0.59412 0.10791 -0.10718	0.99488	0.01452	-0.10011	-0.04373	0.95414	-0.29615	0.09122	0.29901	0.94989
0.05468	161665088	0.55079 0.10610 -0.10960	0.56052 0.05232 -0.10779	0.99495	0.01514	-0.09932	-0.04468	0.95216	-0.30234	0.08999	0.30525	0.94802
0.05992	161665104	0.53376 0.08058 -0.10390	0.55869 0.03705 -0.07114	0.99498	0.01543	-0.09901	-0.04534	0.95046	-0.30753	0.08935	0.31047	0.94638
0.03867	161665120	0.51563 0.05482 -0.08645	0.52692 0.03156 -0.05769	0.99500	0.01549	-0.09881	-0.04573	0.94910	-0.31165	0.08895	0.31461	0.94505
0.01649	161665136	0.48410 0.03514 -0.07329	0.47072 0.03888 -0.06441	0.99502	0.01557	-0.09861	-0.04605	0.94795	-0.31508	0.08857	0.31805	0.94393
0.06478	161665152	0.42285 0.03149 -0.07576	0.37604 0.07431 -0.08885	0.99505	0.01587	-0.09817	-0.04656	0.94666	-0.31886	0.08788	0.32185	0.94271
0.04970	161665168	0.37420 0.03715 -0.08422	0.35710 0.08226 -0.09618	0.99507	0.01603	-0.09797	-0.04673	0.94632	-0.31984	0.08759	0.32284	0.94240
