1576129994272,-2.6392822,0.48095703,5.924637,-0.084472656,-0.08866882,-0.036636353,-0.014086034,0.0016923079,-0.0032486448,0.9493923,0.025303653,0.31310228,-0.0062516714,0.99808276,-0.061704934,-0.31406033,0.05662429,0.94772154
1576129994272,-2.6392822,0.48095703,5.924637,-0.084472656,-0.08866882,-0.036636353,-0.014086034,0.0016923079,-0.0032486448,0.9493923,0.025303653,0.31310228,-0.0062516714,0.99808276,-0.061704934,-0.31406033,0.05662429,0.94772154
1576129994291,-2.6871338,0.48335266,5.749954,-0.10646057,-0.18273926,-0.024429321,-0.014576397,0.0018130348,-0.0040868567,0.94952387,0.025293458,0.31270412,-0.0063640927,0.9981005,-0.0614084,-0.31366026,0.05631818,0.9478722
1576129994296,-2.7086792,0.44506836,5.6398773,-0.11807251,-0.21633911,-0.020767212,-0.014699081,0.0018417859,-0.004300703,0.9496002,0.0252748,0.3124739,-0.006404361,0.99810874,-0.06127079,-0.31342843,0.05618107,0.9479571
1576129994319,-2.9599152,0.23928833,5.1134644,-0.20787048,-0.34461975,0.0018463135,-0.015266945,0.0019554186,-0.005330958,0.95036715,0.024920337,0.31016207,-0.0066311224,0.99819165,-0.059882797,-0.31109032,0.054853447,0.9488048
1576129994319,-2.9599152,0.23928833,5.1134644,-0.20787048,-0.34461975,0.0018463135,-0.015266945,0.0019554186,-0.005330958,0.95036715,0.024920337,0.31016207,-0.0066311224,0.99819165,-0.059882797,-0.31109032,0.054853447,0.9488048
1576129994336,-2.773285,0.21296692,5.1062775,-0.23291016,-0.38554382,0.018951416,-0.015733156,0.002018764,-0.0061875274,0.9511202,0.024395103,0.3078872,-0.00670834,0.99828035,-0.058374677,-0.3087787,0.05345546,0.9496392
1576129994354,-2.273178,0.39720154,4.8478546,-0.17182922,-0.3598938,0.06843567,-0.016168045,0.002080573,-0.007065526,0.95213425,0.023497626,0.30480745,-0.0065189204,0.99838376,-0.056602485,-0.30564168,0.051905707,0.9507393
1576129994369,-1.8209381,0.35653687,4.8430786,-0.11502075,-0.2804718,0.1124115,-0.016481811,0.0021482192,-0.0078403745,0.95264924,0.022803241,0.30324697,-0.006117933,0.9984282,-0.055859577,-0.30404094,0.051358905,0.95128214
1576129994388,-1.6534424,0.25602722,4.864609,-0.08569336,-0.24259949,0.13684082,-0.016699482,0.0022024456,-0.008491448,0.952892,0.022348592,0.3025175,-0.005777145,0.9984468,-0.05556365,-0.30328625,0.051198024,0.95153177
1576129994390,-1.6366882,0.21534729,4.8598175,-0.07409668,-0.23222351,0.14355469,-0.016739639,0.0022122571,-0.008621786,0.9529971,0.022124523,0.30220285,-0.005594956,0.998454,-0.055454254,-0.30295938,0.051156484,0.95163816
1576129994403,-1.9214325,0.088531494,5.637497,-0.08630371,-0.30307007,0.13439941,-0.017052712,0.0022726608,-0.0096413335,0.95341176,0.021319432,0.30095065,-0.004943746,0.9984786,-0.05507103,-0.30166373,0.051017087,0.9520572
1576129994417,-2.120041,0.01675415,6.008377,-0.1608429,-0.5828552,0.11790466,-0.017265758,0.002299435,-0.010217974,0.95444524,0.020166652,0.29773706,-0.004221238,0.998535,-0.054102276,-0.2983888,0.050380398,0.95312256
1576129994434,-2.0219421,-0.107681274,6.4869385,-0.20420837,-0.9457092,0.08125305,-0.01763372,0.0023145978,-0.011044852,0.95785725,0.01805712,0.28671157,-0.003491685,0.99868923,-0.05123268,-0.28725785,0.04807205,0.9566549
1576129994451,-1.409378,0.071777344,6.599411,-0.14189148,-1.106369,0.11302185,-0.017893981,0.0023219609,-0.011605735,0.96342975,0.015506316,0.26754937,-0.0027550184,0.9988537,-0.047970068,-0.26798368,0.04547828,0.962358
1576129994452,-1.2897339,0.021530151,6.649658,-0.13395691,-1.1020966,0.119125366,-0.017931312,0.0023245178,-0.011695878,0.9642442,0.015091026,0.26462314,-0.00257194,0.9988722,-0.047592647,-0.2650401,0.04520994,0.9631854
1576129994468,-0.7657013,-0.052642822,6.9391785,-0.111343384,-1.0617828,0.15638733,-0.018108556,0.0023355826,-0.012220124,0.9680192,0.012833805,0.25058755,-0.001338369,0.99894977,-0.045991294,-0.2509119,0.044184703,0.9670094
1576129994486,-0.38523865,0.27757263,7.6163483,-0.16877747,-1.0721588,0.1796112,-0.0182384,0.0023596846,-0.012849522,0.9735671,0.008484397,0.22828703,0.0013968635,0.9990789,-0.04308878,-0.22843991,0.042268343,0.9726483
1576129994502,-0.275177,0.3014984,8.248062,-0.17060852,-0.9457092,0.13623047,-0.018281486,0.0024065585,-0.013236552,0.9776744,0.0049167005,0.21011573,0.0035235349,0.9992111,-0.039777018,-0.21014327,0.039628986,0.9768754
1576129994502,-0.275177,0.3014984,8.248062,-0.17060852,-0.9457092,0.13623047,-0.018281486,0.0024065585,-0.013236552,0.9776744,0.0049167005,0.21011573,0.0035235349,0.9992111,-0.039777018,-0.21014327,0.039628986,0.9768754
1576129994523,-0.68673706,0.021530151,9.812973,0.068237305,-0.8278198,0.1796112,-0.018325528,0.0024664986,-0.013581378,0.9805561,0.002375962,0.19627577,0.005352092,0.99923986,-0.038834486,-0.19621673,0.039129533,0.9797878
1576129994542,-0.9643097,-0.17468262,10.09053,0.22767639,-1.3269043,0.3146057,-0.018424682,0.0024855507,-0.013694469,0.9850154,-0.00263985,0.17250413,0.0102741495,0.99901444,-0.043378867,-0.17221771,0.044500787,0.98406154
1576129994554,-0.73698425,0.06700134,9.623932,0.10977173,-1.6421051,0.33842468,-0.01850979,0.0024862175,-0.013728255,0.9897532,-0.008605241,0.14259966,0.015458883,0.9987826,-0.047025345,-0.14201985,0.048747465,0.98867106
1576129994557,-0.6125641,0.093322754,9.511475,0.10977173,-1.6421051,0.33842468,-0.018525694,0.0024878562,-0.013737772,0.9897532,-0.008605241,0.14259966,0.015458883,0.9987826,-0.047025345,-0.14201985,0.048747465,0.98867106
1576129994572,0.119644165,0.15553284,9.57608,-0.19625854,-1.5052643,0.23457336,-0.018580385,0.0025104256,-0.013826088,0.99519765,-0.017102862,0.096482925,0.021642687,0.9987058,-0.046206173,-0.09556675,0.048071977,0.9942698
1576129994587,-0.25842285,0.1986084,11.246262,-0.3080597,-1.1772308,0.119125366,-0.018571768,0.0025413563,-0.013878587,0.9970225,-0.020238511,0.07454061,0.023422495,0.99884737,-0.0420932,-0.073601946,0.043713402,0.9963374
1576129994606,-1.134201,0.25842285,13.488342,-0.19015503,-1.1106567,0.10446167,-0.018622426,0.0026022652,-0.013634041,0.9984297,-0.022560703,0.05146465,0.0244804,0.9990243,-0.036983807,-0.050579455,0.038185272,0.99799776
1576129994620,-0.9906311,0.0143585205,13.596024,-0.02583313,-1.5559692,0.16799927,-0.01871677,0.0026406057,-0.013290962,0.9992957,-0.02508315,0.028252432,0.026094936,0.999018,-0.036037054,-0.0273204,0.036748607,0.99895895
1576129994623,-0.653244,-0.08135986,13.244278,0.07434082,-1.8668976,0.19854736,-0.01875573,0.002650431,-0.0131377075,0.99961716,-0.027573815,0.0049293106,0.027738348,0.99893,-0.037229825,-0.0038973363,0.03735198,0.99930245
1576129994638,0.13639832,0.1603241,12.44986,0.13053894,-2.145462,0.19120789,-0.018822422,0.002669053,-0.012709476,0.99765646,-0.033995047,-0.059539422,0.03145034,0.9985811,-0.043166008,0.060921855,0.04119195,0.99730015
1576129994656,1.0839539,0.27757263,12.433105,-0.10462952,-1.6225586,0.059265137,-0.018772928,0.0027085277,-0.012304962,0.99157065,-0.038281742,-0.123861425,0.03281049,0.9984147,-0.045914587,0.12542161,0.041463237,0.9912448
1576129994672,1.1868439,0.6508484,14.498108,-0.293396,-0.7728424,-0.09527588,-0.018586041,0.002780952,-0.011851716,0.9884862,-0.037076537,-0.1467658,0.031201068,0.9986331,-0.04213469,0.148126,0.037069973,0.9882816
1576129994686,0.65563965,0.53359985,15.546173,-0.25857544,-0.5834656,-0.12094116,-0.018435456,0.0028575272,-0.011367919,0.98786527,-0.03601413,-0.15114646,0.030237664,0.9987368,-0.0403437,0.15240702,0.035283502,0.987696
1576129994689,0.5766754,0.5240326,15.656235,-0.24269104,-0.58958435,-0.11909485,-0.018409383,0.002873109,-0.011254857,0.98772883,-0.035766516,-0.15209417,0.030008992,0.9987582,-0.03998356,0.15333392,0.034928396,0.98756516
1576129994706,0.68196106,0.59103394,15.436096,-0.12722778,-1.0660553,-0.045181274,-0.018263083,0.0029803482,-0.010380409,0.9858346,-0.034257047,-0.1642462,0.028396055,0.9988865,-0.037900485,0.16536008,0.03269936,0.98569936
1576129994723,1.4069824,0.61735535,14.629715,-0.12234497,-1.4460144,-0.0012207031,-0.0180928,0.0030991621,-0.009505612,0.978975,-0.03355111,-0.20125207,0.026846042,0.99900126,-0.03595457,0.20225541,0.029795531,0.9788879
1576129994738,1.1246338,0.31106567,14.282761,-0.16143799,-0.92433167,-0.04762268,-0.017889842,0.0031937656,-0.008833561,0.9752494,-0.032727934,-0.21871784,0.025840875,0.9990868,-0.034275614,0.2196377,0.027775163,0.97519445
1576129994740,1.0480499,0.28474426,14.289932,-0.16755676,-0.76000977,-0.05496216,-0.017856216,0.0032066077,-0.008727884,0.9749312,-0.03255366,-0.22015762,0.025684942,0.99910057,-0.03399052,0.22106394,0.027483437,0.9748804
1576129994755,0.89730835,0.17706299,14.806793,-0.17060852,0.27601624,-0.04273987,-0.017671514,0.0032670172,-0.008098048,0.9746743,-0.03199661,-0.22137389,0.025306588,0.9991438,-0.03299157,0.22223775,0.02655357,0.97463936
1576129994770,1.2921295,0.31585693,15.275787,-0.11868286,0.37986755,-0.014038086,-0.017498473,0.0033165577,-0.007421719,0.97511744,-0.031729523,-0.21945214,0.025262313,0.99917024,-0.032213908,0.22028998,0.02586824,0.97509986
1576129994786,1.8664093,0.48335266,14.833115,-0.04660034,-0.24565125,-0.021362305,-0.01723751,0.0033868013,-0.0065834825,0.9752081,-0.03160081,-0.21906747,0.025209527,0.9991814,-0.031909525,0.2198943,0.025595613,0.9751964
1576129994804,1.6151581,0.32781982,13.866409,-0.042938232,-0.56269836,0.0036773682,-0.016911209,0.0034785133,-0.005799943,0.9742861,-0.03147132,-0.22315048,0.025032332,0.9991949,-0.031625595,0.22396384,0.025226183,0.97427946
1576129994804,1.6151581,0.32781982,13.866409,-0.042938232,-0.56269836,0.0036773682,-0.016911209,0.0034785133,-0.005799943,0.9742861,-0.03147132,-0.22315048,0.025032332,0.9991949,-0.031625595,0.22396384,0.025226183,0.97427946
1576129994823,0.9020996,0.14117432,12.602997,-0.013000488,-0.28536987,0.030548096,-0.016593037,0.0035562706,-0.005095546,0.97352797,-0.03154927,-0.2264243,0.025050856,0.99919796,-0.031516895,0.22723469,0.025010247,0.9735273
1576129994836,0.94755554,0.22732544,12.349365,-0.047210693,-0.053237915,0.053771973,-0.01644276,0.0035910844,-0.004764091,0.97344613,-0.0316294,-0.22676481,0.025135573,0.9991973,-0.031467937,0.22757576,0.024932267,0.9734497
1576129994855,1.1174469,0.45703125,12.191437,-0.050872803,-0.04284668,0.07209778,-0.016210396,0.0036628395,-0.0043200147,0.97343165,-0.031716265,-0.22681507,0.025247866,0.9991977,-0.031363357,0.2276255,0.024803277,0.97344124
1576129994855,1.1174469,0.45703125,12.191437,-0.050872803,-0.04284668,0.07209778,-0.016210396,0.0036628395,-0.0043200147,0.97343165,-0.031716265,-0.22681507,0.025247866,0.9991977,-0.031363357,0.2276255,0.024803277,0.97344124
1576129994874,1.2059784,0.43310547,12.24408,0.02670288,-0.17295837,0.11546326,-0.015990745,0.0037458693,-0.003963626,0.9733503,-0.03196481,-0.22712876,0.025494836,0.9991915,-0.03136323,0.22794528,0.024736589,0.9733681
1576129994893,1.1652985,0.23210144,11.44487,0.09877014,-0.21450806,0.14723206,-0.015724782,0.0038367168,-0.0035913715,0.973108,-0.03264888,-0.22806807,0.026090289,0.99916524,-0.03171372,0.2289107,0.024910295,0.97313714
1576129994908,1.1126556,0.06700134,10.760529,0.10305786,-0.11798096,0.13867188,-0.01552696,0.003885265,-0.0034007612,0.9729509,-0.033256654,-0.2286502,0.026603552,0.9991388,-0.032118943,0.22951907,0.025167024,0.9729873
1576129994908,1.1126556,0.06700134,10.760529,0.10305786,-0.11798096,0.13867188,-0.01552696,0.003885265,-0.0034007612,0.9729509,-0.033256654,-0.2286502,0.026603552,0.9991388,-0.032118943,0.22951907,0.025167024,0.9729873
1576129994923,0.9762726,0.026321411,10.614563,0.052352905,0.04144287,0.10997009,-0.0153377615,0.003913587,-0.003291135,0.97292036,-0.033623792,-0.22872613,0.026928684,0.9991233,-0.032330308,0.2296103,0.025295304,0.9729625
1576129994942,0.8374939,0.68673706,13.122238,-0.055160522,-0.07400513,0.15821838,-0.015144904,0.003956752,-0.003153047,0.9729264,-0.033914022,-0.22865719,0.027225208,0.9991148,-0.032344554,0.22954932,0.025243424,0.97297823
1576129994954,1.6319122,0.026321411,12.763321,-0.26774597,-0.14363098,0.13134766,-0.014964337,0.004018902,-0.0028205053,0.97280514,-0.03428564,-0.22911716,0.027754312,0.99912196,-0.03166906,0.22999938,0.024448635,0.97289234
1576129994971,0.90448,0.098098755,10.466202,-0.1816101,0.07626343,0.026275635,-0.01474374,0.004048793,-0.0025139677,0.97274107,-0.03431299,-0.22938547,0.028017746,0.99914664,-0.030645443,0.2302388,0.023383021,0.97286206
1576129994973,0.78723145,0.098098755,10.200607,-0.09120178,0.18499756,0.021392822,-0.014711167,0.004053118,-0.0024836464,0.9727769,-0.034307152,-0.22923452,0.028043224,0.9991495,-0.030528119,0.23008443,0.023268377,0.9729013
1576129994987,0.78245544,-0.06460571,9.382263,0.14337158,0.3096161,0.07759094,-0.014548945,0.004079008,-0.00242293,0.9730702,-0.03461944,-0.22793852,0.028333943,0.9991333,-0.030790925,0.22880447,0.023503143,0.9731974
1576129995012,1.4237366,-0.1603241,9.284149,0.07800293,0.0023498535,0.0818634,-0.014260411,0.0040748036,-0.0025787866,0.9733208,-0.03539253,-0.22674681,0.028938208,0.9990866,-0.03172687,0.22766015,0.024318581,0.9734459
1576129995021,1.454834,0.009567261,9.547363,0.010192871,-0.07583618,0.06536865,-0.014152362,0.0040707574,-0.0026412786,0.97330993,-0.035447948,-0.22678442,0.02898845,0.9990844,-0.031751122,0.22769985,0.024329359,0.97343636
1576129995038,1.6366882,0.122039795,10.128815,-0.040496826,-0.025741577,0.050704956,-0.013877367,0.004084994,-0.0027378325,0.97328556,-0.035511367,-0.22687925,0.02905933,0.99908346,-0.031716075,0.22779512,0.02427564,0.97341543
1576129995041,1.6438751,0.16989136,10.145569,-0.039886475,0.087249756,0.054992676,-0.013793332,0.004093372,-0.002750967,0.9732922,-0.035538416,-0.22684665,0.029094076,0.9990833,-0.03168981,0.22776243,0.024243353,0.9734239
1576129995058,1.5098724,0.29431152,10.269989,-0.020324707,0.2619629,0.050704956,-0.0135339815,0.004129975,-0.0027692833,0.9734426,-0.03568184,-0.22617754,0.029285464,0.9990814,-0.031573724,0.2270939,0.024111297,0.9735834
1576129995073,1.2514496,0.06700134,10.470993,0.044403076,0.20637512,0.054992676,-0.013289074,0.004172377,-0.0027590175,0.9736436,-0.03587548,-0.22528018,0.02950135,0.99907416,-0.031597953,0.22620277,0.024118872,0.97379076
1576129995089,1.3160553,0.0382843,10.320251,0.084732056,0.001739502,0.05621338,-0.013031881,0.004203013,-0.0027240429,0.973692,-0.036029633,-0.22504628,0.029631592,0.9990657,-0.031743914,0.2259773,0.024240112,0.9738401
1576129995092,1.3351898,0.023925781,10.298706,0.084121704,-0.07583618,0.047042847,-0.012995731,0.0042064753,-0.0027197117,0.9736836,-0.036067616,-0.22507635,0.029658452,0.9990633,-0.031792793,0.22600977,0.024280503,0.97383153
1576129995106,1.4979095,0.100494385,10.124039,0.0670166,-0.20350647,0.012832642,-0.012771651,0.004226646,-0.0027039791,0.9735961,-0.03616115,-0.22543971,0.029703595,0.99905634,-0.031971477,0.22638063,0.024430728,0.9737417
1576129995124,1.5673065,0.08375549,10.097717,0.038909912,-0.13569641,-0.03236389,-0.012488819,0.0042549353,-0.0027125904,0.9734505,-0.03615915,-0.22606823,0.029640554,0.99905205,-0.03216365,0.22701448,0.024608722,0.97358966
1576129995141,1.3878326,0.22970581,10.631317,0.040130615,0.007843018,-0.04762268,-0.0122039085,0.0042891023,-0.0027132651,0.9734366,-0.036112875,-0.22613579,0.02957929,0.9990522,-0.032215178,0.22708239,0.024670286,0.97357225
1576129995141,1.3878326,0.22970581,10.631317,0.040130615,0.007843018,-0.04762268,-0.0122039085,0.0042891023,-0.0027132651,0.9734366,-0.036112875,-0.22613579,0.02957929,0.9990522,-0.032215178,0.22708239,0.024670286,0.97357225
1576129995155,1.6678009,0.24406433,11.60759,0.076171875,-0.12471008,-0.033584595,-0.01196351,0.004331067,-0.002644201,0.9734211,-0.036082495,-0.22620736,0.029526956,0.9990511,-0.03229787,0.22715561,0.024760002,0.9735529
1576129995174,1.7946167,0.2033844,12.385254,0.17819214,-0.6372223,-0.030517578,-0.011651225,0.0043847454,-0.0024149888,0.9726709,-0.036116123,-0.22940621,0.029206939,0.9990228,-0.033442903,0.23038733,0.025828473,0.97276545
1576129995191,1.9740753,0.114852905,13.222733,0.2472229,-1.1082153,-0.03236389,-0.011313706,0.0044340855,-0.002047108,0.96898943,-0.036495812,-0.24443354,0.02813396,0.9989053,-0.03761458,0.24553603,0.029571004,0.9689456
1576129995207,2.1056824,0.18424988,14.289932,0.22094727,-1.3220062,-0.06411743,-0.010948851,0.004473239,-0.0015299586,0.96074724,-0.037009574,-0.2749826,0.025669878,0.9986787,-0.044724,0.2762715,0.035909373,0.9604179
1576129995210,2.1056824,0.21057129,14.481369,0.20567322,-1.328125,-0.07206726,-0.010894839,0.0044790404,-0.001442242,0.9595318,-0.036968976,-0.27919975,0.02523106,0.99865395,-0.045519803,0.2805037,0.03663287,0.959163
1576129995226,2.1942139,0.19381714,15.4743805,0.09083557,-1.2957458,-0.13497925,-0.0105631035,0.0045191227,-0.0008317163,0.95335203,-0.03596077,-0.2997455,0.02246979,0.9985875,-0.048335243,0.301057,0.03934493,0.9528036
1576129995239,2.5052795,0.21057129,16.496124,-0.0814209,-1.1699066,-0.2345581,-0.010213414,0.0045617293,-0.00007871725,0.9463791,-0.032549094,-0.32144663,0.017823769,0.99866617,-0.04864741,0.32259774,0.040309124,0.94568706
1576129995255,2.6536407,0.20578003,17.084763,-0.26712036,-0.8210907,-0.37078857,-0.009829483,0.0046046837,0.0008109658,0.9404437,-0.02608424,-0.33897805,0.0112800235,0.9989067,-0.045570504,0.33979234,0.039032444,0.9396999
1576129995272,2.2707825,0.062210083,17.28096,-0.4430542,-0.26641846,-0.49661255,-0.009364124,0.004651523,0.0019639242,0.93846446,-0.019732272,-0.34484234,0.005818518,0.99913764,-0.041336823,0.34535685,0.03678631,0.93776
1576129995275,2.2372894,0.03111267,17.283356,-0.49131775,-0.056900024,-0.53326416,-0.009300464,0.0046567665,0.0021338451,0.9383654,-0.017388456,-0.34523743,0.003935059,0.99921584,-0.039631262,0.34565207,0.035829734,0.9376882
1576129995289,1.8424683,0.06939697,17.302505,-0.59394836,0.5851135,-0.60595703,-0.008943772,0.004681016,0.003165443,0.9399856,-0.0077189486,-0.34115764,-0.0035196918,0.99948096,-0.03231145,0.34122625,0.031572767,0.9394605
1576129995311,1.3280182,-0.086135864,17.15654,-0.5194092,1.1336823,-0.5998535,-0.00855473,0.004708978,0.004559637,0.94789255,0.011559212,-0.31841356,-0.01829984,0.99967664,-0.018186104,0.31809682,0.02306518,0.9477872
1576129995311,1.2969055,-0.15074158,17.077576,-0.5194092,1.1336823,-0.5998535,-0.008512999,0.004710876,0.004732698,0.94789255,0.011559212,-0.31841356,-0.01829984,0.99967664,-0.018186104,0.31809682,0.02306518,0.9477872
1576129995325,1.0887299,0.01675415,16.625336,-0.39419556,1.1727753,-0.5693054,-0.00832191,0.00471386,0.0055796215,0.9539097,0.02341524,-0.29921407,-0.027985243,0.9995573,-0.010996839,0.29882076,0.018863404,0.9541324
1576129995341,1.208374,0.6508484,15.328415,-0.1632843,1.0909271,-0.42515564,-0.008091946,0.004756454,0.0066668293,0.9614734,0.03730558,-0.27239367,-0.040280543,0.99918365,-0.0053357813,0.27196914,0.016102234,0.96218085
1576129995355,1.5649109,0.5312042,14.005188,-0.0826416,1.2509613,-0.30541992,-0.007882723,0.0048431447,0.0074364548,0.96594274,0.042860117,-0.25522318,-0.045497138,0.99896413,-0.0044344845,0.25476584,0.01589524,0.96688163
1576129995373,1.5218353,0.48812866,13.062424,-0.036209106,1.670639,-0.15452576,-0.0075979647,0.0049462686,0.008120358,0.9762852,0.04952283,-0.21079859,-0.051784832,0.9986543,-0.005220434,0.21025392,0.016012654,0.97752523
1576129995373,1.5218353,0.48812866,13.062424,-0.036209106,1.670639,-0.15452576,-0.0075979647,0.0049462686,0.008120358,0.9762852,0.04952283,-0.21079859,-0.051784832,0.9986543,-0.005220434,0.21025392,0.016012654,0.97752523
1576129995388,1.4356995,0.624527,12.378067,-0.031326294,1.7219543,-0.04273987,-0.007350916,0.005036048,0.008568858,0.98322564,0.051493462,-0.1750343,-0.053443447,0.9985599,-0.0064418446,0.17444843,0.015688078,0.98455083
1576129995409,1.935791,0.66041565,11.310867,-0.006286621,1.6987305,0.18144226,-0.0070113554,0.005175899,0.008994902,0.99269927,0.04844543,-0.11055446,-0.049745362,0.9987309,-0.0090283705,0.10997538,0.014461897,0.9938384
1576129995422,2.0650024,0.49771118,10.559525,0.014480591,1.7011719,0.28407288,-0.0067104935,0.0052807988,0.00917941,0.9968446,0.04218923,-0.06739474,-0.043039657,0.99902016,-0.011215195,0.06685461,0.014080325,0.99767274
1576129995441,1.7730865,0.34695435,9.92543,0.055404663,1.7225647,0.37446594,-0.006342287,0.005383381,0.0092607755,0.9993774,0.0319525,-0.015649645,-0.032174803,0.9993916,-0.014160154,0.015187299,0.0146547295,0.9997867
1576129995444,1.7252197,0.32781982,9.839294,0.063949585,1.7262268,0.38668823,-0.0062919473,0.005396057,0.009262519,0.99951977,0.030258052,-0.00810896,-0.030374827,0.9994405,-0.014676054,0.007660063,0.01491518,0.99986875
1576129995457,1.4428711,0.22732544,9.382263,0.12870789,1.7622681,0.44654846,-0.0060126022,0.0054604895,0.0092279175,0.9990904,0.019026525,0.038437497,-0.018324532,0.9996698,-0.018536424,-0.038777277,0.017815053,0.9990984
1576129995475,1.4763641,0.13160706,8.4227295,0.21911621,1.7940369,0.5009155,-0.0057179364,0.005517856,0.009083407,0.9954388,0.004066397,0.09542686,-0.0016897011,0.99969614,-0.024974996,-0.0954986,0.0246996,0.9951324
1576129995489,1.3040924,-0.098098755,7.800598,0.24295044,1.8068542,0.51008606,-0.005514776,0.0055438015,0.008889419,0.9916452,-0.004859773,0.1289864,0.008710556,0.99954194,-0.029308148,-0.1287837,0.030186534,0.99122244
1576129995491,1.2562256,-0.114852905,7.7455597,0.23744202,1.8019714,0.51008606,-0.005475985,0.0055465936,0.008841628,0.98929673,-0.009279142,0.14569594,0.013991164,0.99942,-0.031351406,-0.14531913,0.03305397,0.98884183
1576129995506,0.9571228,0.01675415,7.0995026,0.17758179,1.6529236,0.48443604,-0.0052334922,0.0055559045,0.008436401,0.9795912,-0.023620533,0.19966155,0.03153619,0.9988434,-0.03655927,-0.19856505,0.04210927,0.9791921
1576129995525,0.5862427,0.21057129,6.891327,0.13848877,1.3621521,0.44473267,-0.0050379373,0.005578866,0.007927346,0.9703278,-0.034926295,0.23930323,0.04558317,0.998203,-0.0391436,-0.23750363,0.0488898,0.9701651
1576129995541,0.44267273,0.033493042,6.5778656,0.14949036,1.2271423,0.42640686,-0.0048936973,0.005617518,0.007363434,0.9636083,-0.042609405,0.26394135,0.05526711,0.9976507,-0.040716097,-0.2615837,0.05382108,0.96368855
1576129995557,0.29910278,-0.06939697,6.4414825,0.17758179,1.1856079,0.41784668,-0.0047990903,0.005637693,0.0068415063,0.95686746,-0.049489465,0.28631687,0.06428612,0.99703544,-0.042507675,-0.28336143,0.059079774,0.9572013
1576129995561,0.20100403,-0.095718384,6.4414825,0.18673706,1.1074066,0.41477966,-0.004772539,0.0056411796,0.006660702,0.95365334,-0.05262934,0.29630625,0.06851886,0.99671096,-0.043492544,-0.29303968,0.061778713,0.9541119
1576129995576,-0.088531494,-0.086135864,6.6472626,0.23500061,0.83251953,0.41233826,-0.0047156345,0.005644899,0.006122847,0.948692,-0.057814278,0.31090623,0.075672425,0.99609554,-0.04567746,-0.3070483,0.06686015,0.949352
1576129995592,-0.105285645,-0.0382843,6.111267,0.30891418,0.655365,0.40379333,-0.004690488,0.00564794,0.0055836616,0.9460217,-0.0610354,0.3183385,0.08040902,0.995612,-0.048065893,-0.31400466,0.07106789,0.9467675
1576129995607,-0.3637085,-0.04067993,5.21875,0.2930298,0.7146301,0.34454346,-0.0046794754,0.00565568,0.0049748584,0.9430921,-0.06410086,0.32632792,0.08536511,0.99504036,-0.05125005,-0.32142097,0.07618972,0.94387585
1576129995610,-0.46180725,-0.062210083,5.1469574,0.26921082,0.7421112,0.3304901,-0.0046804277,0.0056571444,0.0048633693,0.9425267,-0.06457958,0.32786345,0.08615116,0.99495,-0.05168742,-0.32286647,0.07696177,0.9433197
1576129995626,-1.1294098,-0.088531494,5.4843445,0.048690796,0.941864,0.2278595,-0.0047372854,0.005658475,0.004036885,0.9376301,-0.06787397,0.34097576,0.09116936,0.99444693,-0.05274911,-0.33549848,0.08054479,0.93860066
1576129995642,-1.2610168,0.009567261,6.262024,-0.080200195,0.86795044,0.19120789,-0.0048607816,0.005660421,0.0033614812,0.93203676,-0.071192846,0.3553315,0.09526149,0.9941707,-0.050683577,-0.3496482,0.08108747,0.93337506
1576129995659,-1.0456696,0.06939697,6.695114,-0.07470703,0.63093567,0.19242859,-0.0050275065,0.0056797755,0.002670554,0.92885816,-0.07354419,0.36309132,0.097831495,0.99400884,-0.04893569,-0.35731325,0.08097517,0.9304776
1576129995673,-1.2681885,-0.057434082,6.611374,-0.020950317,0.3597107,0.18754578,-0.005163832,0.0056991903,0.0021345648,0.9274031,-0.07502511,0.36649168,0.099458255,0.9938825,-0.04821902,-0.36062816,0.081168175,0.92918086
1576129995676,-1.3447723,-0.12921143,6.4941254,-0.010559082,0.3132782,0.18327332,-0.005188077,0.0057011815,0.0020465476,0.92728764,-0.075181134,0.3667517,0.099635296,0.9938666,-0.04818161,-0.36087605,0.08121871,0.9290802
1576129995694,-1.6582336,-0.27757263,5.3862457,0.052352905,0.12208557,0.13439941,-0.0053900834,0.0056970245,0.0013844279,0.92691374,-0.075862214,0.36755607,0.100457914,0.9937817,-0.04822512,-0.36160815,0.08162352,0.9287601
1576129995709,-1.9262238,-0.33499146,4.9172516,-0.01361084,0.30288696,0.039108276,-0.005603169,0.0056740353,0.0006981715,0.92661124,-0.07608803,0.36827162,0.10076342,0.99375117,-0.04821446,-0.36229795,0.081783436,0.9284772
1576129995723,-2.1894379,-0.27757263,5.5920258,-0.091796875,0.46844482,-0.037246704,-0.005855667,0.005641597,-0.000035516226,0.9258287,-0.07615345,0.37022093,0.10080236,0.99377376,-0.04766481,-0.36428216,0.081447676,0.92773
1576129995723,-2.1894379,-0.27757263,5.5920258,-0.091796875,0.46844482,-0.037246704,-0.005855667,0.005641597,-0.000035516226,0.9258287,-0.07615345,0.37022093,0.10080236,0.99377376,-0.04766481,-0.36428216,0.081447676,0.92773
1576129995742,-2.354538,0.01675415,6.604187,-0.111343384,0.44400024,-0.122161865,-0.0062442124,0.005610365,-0.00091919996,0.92405844,-0.07577431,0.37469405,0.100175835,0.99391335,-0.046051763,-0.36891985,0.080088906,0.9260141
1576129995758,-2.5507507,0.098098755,7.0947266,-0.055770874,0.1330719,-0.18141174,-0.006562741,0.00562009,-0.001466402,0.9235506,-0.07522953,0.37605357,0.09947857,0.99401075,-0.04545792,-0.37037748,0.07939106,0.92549217
1576129995774,-2.8450623,0.0382843,6.764511,0.044403076,-0.1454773,-0.23760986,-0.0069724466,0.0056443983,-0.002039501,0.92370415,-0.074397825,0.37584177,0.098591685,0.9940961,-0.045527227,-0.3702316,0.07910767,0.9255748
1576129995791,-2.7397766,0.33021545,6.817154,0.049301147,-0.16868591,-0.25227356,-0.007418136,0.0056752726,-0.00262187,0.92415935,-0.07306104,0.37498462,0.09722807,0.9942127,-0.04591142,-0.36945608,0.078887604,0.92590344
1576129995794,-2.6990967,0.36849976,6.826721,0.04257202,-0.15097046,-0.24861145,-0.007481914,0.0056825527,-0.0027048937,0.92421365,-0.07288249,0.3748855,0.097043425,0.99422884,-0.045952834,-0.36936876,0.07884952,0.9259415
1576129995809,-2.3353882,0.38763428,7.039688,-0.03010559,-0.01473999,-0.24617004,-0.007846864,0.0057384917,-0.0031970728,0.9244008,-0.071980424,0.37459865,0.09606674,0.99432135,-0.046002727,-0.36915615,0.07851054,0.92605513
1576129995825,-2.4789581,0.42591858,7.795822,-0.11012268,0.15322876,-0.24554443,-0.008181322,0.0058058673,-0.0036511736,0.9243301,-0.07117821,0.3749265,0.09508201,0.9944335,-0.04562281,-0.36958814,0.077818416,0.9259413
1576129995841,-2.9694977,0.35414124,8.410767,-0.088134766,0.12574768,-0.22233582,-0.008592912,0.005888183,-0.0040721097,0.9240916,-0.07022434,0.37569416,0.093873434,0.99457717,-0.04499443,-0.37049308,0.07684578,0.92566097
1576129995841,-2.9694977,0.35414124,8.410767,-0.088134766,0.12574768,-0.22233582,-0.008592912,0.005888183,-0.0040721097,0.9240916,-0.07022434,0.37569416,0.093873434,0.99457717,-0.04499443,-0.37049308,0.07684578,0.92566097
1576129995859,-3.048462,0.37806702,8.889343,-0.083862305,-0.1980133,-0.15270996,-0.009057694,0.0059681917,-0.0043897955,0.92424077,-0.0695998,0.37544322,0.093038745,0.9946714,-0.044644035,-0.37033135,0.07619172,0.9257798
1576129995874,-3.0341034,0.39720154,9.044876,-0.07531738,-0.35377502,-0.11054993,-0.009474181,0.006037278,-0.0045982255,0.9248573,-0.06916313,0.374003,0.09234009,0.99474794,-0.044388834,-0.3689646,0.07558795,0.9263749
1576129995892,-2.8618164,0.49771118,9.049652,-0.055160522,-0.3794403,-0.06289673,-0.009960853,0.006124441,-0.004808149,0.9258492,-0.06879502,0.3716091,0.091655836,0.9948201,-0.04418846,-0.3666403,0.07497114,0.9273474
1576129995908,-2.7900238,0.44267273,9.195618,-0.049041748,-0.35194397,-0.012207031,-0.010428094,0.0062192697,-0.005004178,0.9267304,-0.0687294,0.36941808,0.09135519,0.9948523,-0.044085756,-0.3644825,0.074603036,0.92822725
1576129995911,-2.7876434,0.43070984,9.236298,-0.0496521,-0.34950256,-0.006713867,-0.010493212,0.0062326123,-0.0050303508,0.92684346,-0.06873997,0.3691324,0.09133591,0.99485475,-0.044070505,-0.36419976,0.07456067,0.9283416
1576129995926,-2.8163452,0.25125122,9.475586,-0.055160522,-0.33422852,-0.0048828125,-0.010880634,0.006306334,-0.0051726415,0.92738175,-0.06880988,0.36776462,0.09125566,0.9948664,-0.04397451,-0.36284688,0.07434096,0.9288887
1576129995944,-3.1896362,0.22970581,9.501892,0.0053100586,-0.28659058,-0.056793213,-0.011344003,0.0063726283,-0.005306251,0.9281041,-0.06868303,0.3659616,0.090969175,0.9948921,-0.043984815,-0.36106747,0.07411294,0.9296001
1576129995956,-3.3092804,0.3014984,9.686142,0.032806396,-0.26641846,-0.073287964,-0.011704333,0.006415326,-0.00539081,0.9283978,-0.06848136,0.36525404,0.09074377,0.9949069,-0.044116776,-0.36036876,0.074101664,0.92987216
1576129995974,-2.9144592,0.37806702,9.92543,0.06762695,-0.25787354,-0.03236389,-0.012226397,0.006482937,-0.0054775826,0.92885786,-0.06814538,0.36414593,0.09043173,0.99491894,-0.044485345,-0.3592604,0.0742501,0.9302892
1576129995977,-2.8091736,0.3517456,9.913467,0.06945801,-0.25665283,-0.021362305,-0.012297858,0.0064935056,-0.005486683,0.92898375,-0.068083234,0.3638362,0.09038566,0.9949177,-0.044607066,-0.35894626,0.074324004,0.93040454
1576129995992,-2.3808594,0.29670715,10.057037,0.021194458,-0.20960999,-0.008544922,-0.012751981,0.006566197,-0.0055401465,0.92933947,-0.06797332,0.36294734,0.09030575,0.99491173,-0.044902682,-0.3580445,0.07450524,0.9307376
1576129996008,-2.3856506,0.3134613,10.411179,-0.04537964,-0.1613617,-0.015258789,-0.013092976,0.0066265133,-0.0055588083,0.9295167,-0.067964785,0.36249486,0.09025286,0.99491704,-0.044889703,-0.3575975,0.0744411,0.93091464
1576129996025,-2.4669952,0.22253418,10.62413,-0.060653687,-0.14974976,-0.022583008,-0.01347491,0.006690442,-0.0055276346,0.9296576,-0.067975484,0.36213112,0.09019275,0.99492717,-0.044784322,-0.357246,0.07429488,0.9310613
1576129996028,-2.4885406,0.22970581,10.604996,-0.06248474,-0.1479187,-0.026260376,-0.0135300085,0.0066987467,-0.005519676,0.9296798,-0.06797476,0.3620741,0.09017958,0.99492925,-0.044764683,-0.35719138,0.07426771,0.93108445
1576129996042,-2.4335022,0.18664551,10.516449,-0.07102966,-0.15341187,-0.032958984,-0.013864715,0.0067462684,-0.0054680975,0.9298378,-0.067955144,0.36167186,0.0900676,0.99494594,-0.04461678,-0.3568082,0.074060485,0.9312479
1576129996057,-2.141571,0.24885559,10.284348,-0.07775879,-0.18823242,-0.02748108,-0.014190399,0.0067907423,-0.005424312,0.93002415,-0.06795559,0.36119276,0.08996134,0.9949633,-0.044444278,-0.35634953,0.07382682,0.93144214
1576129996074,-2.0027924,0.29670715,10.023529,-0.061264038,-0.24259949,-0.012817383,-0.014534104,0.0068486053,-0.005408272,0.93034,-0.067980595,0.360374,0.089841396,0.9949832,-0.04424164,-0.35555476,0.07353544,0.93176895
1576129996074,-2.0027924,0.29670715,10.023529,-0.061264038,-0.24259949,-0.012817383,-0.014534104,0.0068486053,-0.005408272,0.93034,-0.067980595,0.360374,0.089841396,0.9949832,-0.04424164,-0.35555476,0.07353544,0.93176895
1576129996092,-2.033905,0.275177,9.619141,-0.0154418945,-0.22122192,0.0061187744,-0.01485297,0.006913126,-0.005439681,0.9307237,-0.06803026,0.3593724,0.089787014,0.9949908,-0.04418108,-0.35456285,0.07338654,0.9321586
1576129996108,-2.165512,0.122039795,9.298508,0.027297974,-0.105163574,0.0061187744,-0.0151765775,0.0069736135,-0.0055313953,0.9308569,-0.0680374,0.35902587,0.08978492,0.99498874,-0.044232205,-0.3542135,0.07340815,0.9322897
1576129996124,-2.096115,0.110076904,8.834305,0.040740967,0.010894775,-0.021362305,-0.015463829,0.0070100473,-0.005661426,0.9308763,-0.06801554,0.35897958,0.08977772,0.9949871,-0.044284984,-0.35416418,0.07345139,0.9323051
1576129996140,-1.861618,0.26081848,8.659622,0.010818481,0.050613403,-0.05923462,-0.015743747,0.007045387,-0.005846244,0.93086296,-0.06796407,0.359024,0.08973313,0.9949904,-0.044302583,-0.3542106,0.07345515,0.9322871
1576129996140,-1.861618,0.26081848,8.659622,0.010818481,0.050613403,-0.05923462,-0.015743747,0.007045387,-0.005846244,0.93086296,-0.06796407,0.359024,0.08973313,0.9949904,-0.044302583,-0.3542106,0.07345515,0.9322871
1576129996159,-1.3686981,0.46180725,8.0733795,-0.014221191,-0.07827759,-0.0848999,-0.016062774,0.0071166093,-0.006153697,0.930884,-0.06784728,0.35899156,0.0896068,0.9950017,-0.044305842,-0.3541874,0.07341085,0.93229944
1576129996174,-1.3040924,0.39242554,7.7024994,-0.044769287,-0.16441345,-0.09954834,-0.016252177,0.00719031,-0.00645178,0.9309977,-0.06768681,0.3587267,0.08939551,0.99502265,-0.044259723,-0.3539417,0.07327341,0.9324035
1576129996191,-1.2346954,0.32063293,7.1569366,-0.05882263,-0.23588562,-0.12887573,-0.016422348,0.0072610774,-0.0068142465,0.9312961,-0.06736821,0.35801166,0.088947244,0.9950685,-0.04413338,-0.35326922,0.07294455,0.9326843
1576129996208,-1.0791626,0.18185425,6.604187,-0.031326294,-0.34950256,-0.19302368,-0.016604125,0.0073293922,-0.0073235943,0.93201077,-0.066551626,0.35630065,0.08788446,0.99516857,-0.044005506,-0.3516468,0.07232607,0.9333453
1576129996210,-1.0671997,0.1651001,6.4654083,-0.022781372,-0.36050415,-0.2027893,-0.016628264,0.007337536,-0.0074041206,0.9321561,-0.06636638,0.355955,0.087661564,0.9951878,-0.044014692,-0.35131726,0.07223131,0.93347675
1576129996223,-1.0839539,-0.007171631,5.67099,0.09022522,-0.38371277,-0.25837708,-0.016766502,0.0073741176,-0.007943686,0.93334097,-0.06453813,0.35317507,0.08567942,0.995337,-0.044541463,-0.3486498,0.07183138,0.93450695
1576129996239,-1.0480499,0.0765686,4.587036,0.25759888,-0.3269043,-0.2675476,-0.016901957,0.007395613,-0.008598818,0.9343668,-0.06228001,0.35086003,0.0836559,0.9954388,-0.046084993,-0.34638572,0.07241094,0.93530375
1576129996261,-0.9140625,0.055038452,4.0390778,0.40542603,-0.27986145,-0.32496643,-0.017092422,0.0074327756,-0.009816853,0.9357672,-0.057489578,0.34793377,0.07999802,0.99551713,-0.050663874,-0.3434576,0.07524266,0.9361598
1576129996261,-0.9140625,0.055038452,4.0390778,0.40542603,-0.27986145,-0.32496643,-0.017092422,0.0074327756,-0.009816853,0.9357672,-0.057489578,0.34793377,0.07999802,0.99551713,-0.050663874,-0.3434576,0.07524266,0.9361598
1576129996277,-1.1988068,0.107681274,4.273575,0.37672424,-0.36904907,-0.34207153,-0.017233351,0.0074592363,-0.010850718,0.9369681,-0.05329686,0.3453601,0.07673107,0.99556994,-0.054533914,-0.34091976,0.077595405,0.93689495
1576129996295,-1.1198425,0.44506836,5.0345,0.2484436,-0.6494446,-0.25471497,-0.01740021,0.0075036758,-0.011844678,0.93957174,-0.04817269,0.33898035,0.072381936,0.9956329,-0.059135355,-0.3346476,0.08009693,0.93894356
1576129996307,-0.74417114,0.20578003,4.902893,0.17391968,-0.70503235,-0.22782898,-0.017509399,0.007555534,-0.012501513,0.94142956,-0.046001863,0.33409184,0.070308276,0.99566734,-0.061024427,-0.32983354,0.08093858,0.94057333
1576129996325,-1.1246338,-0.050247192,4.5511475,0.043792725,-0.3794403,-0.22721863,-0.017634189,0.007600195,-0.0134260785,0.9435471,-0.04334163,0.32842565,0.06753343,0.9957609,-0.06261112,-0.3243162,0.081255205,0.94246274
1576129996328,-1.1820526,-0.06460571,4.5559387,-0.0056762695,-0.2450409,-0.21928406,-0.017654054,0.007603333,-0.013561076,0.9437273,-0.0429652,0.32795718,0.06711007,0.99578655,-0.062658966,-0.32387966,0.08114116,0.94262266
1576129996345,-1.6821594,-0.18424988,5.7595215,-0.1608429,-0.015365601,-0.15940857,-0.017833622,0.00761141,-0.014487406,0.94385374,-0.042447213,0.32766092,0.06642899,0.995852,-0.06234531,-0.32365185,0.08061,0.9427465
1576129996360,-1.701294,-0.29910278,7.3052826,-0.21826172,-0.31163025,-0.061065674,-0.01803811,0.007595224,-0.015143418,0.94412655,-0.042342693,0.3268874,0.06590926,0.99594814,-0.061353218,-0.3229615,0.07946909,0.9430802
1576129996376,-1.0528412,-0.028717041,8.207382,-0.12173462,-0.8797302,0.012832642,-0.01827847,0.0075719813,-0.015673252,0.9466627,-0.042782646,0.31940967,0.06526241,0.9960727,-0.060007244,-0.3155846,0.07765105,0.9457252
1576129996380,-0.95474243,0.0023956299,8.224136,-0.107681274,-0.94692993,0.02017212,-0.018307025,0.0075710025,-0.015733344,0.947371,-0.042908434,0.31728572,0.06517598,0.9960848,-0.059900027,-0.3134699,0.07742594,0.9464466
1576129996394,-0.39720154,0.1268158,8.202591,-0.09486389,-1.2120514,0.06965637,-0.018431053,0.0075783236,-0.016060175,0.9531523,-0.04414728,0.2992905,0.0648534,0.99612373,-0.059604373,-0.2954958,0.07622106,0.9523086
1576129996412,0.1986084,0.22492981,8.616562,-0.17671204,-1.3189545,0.16433716,-0.018476862,0.007611732,-0.01640276,0.9600995,-0.04712993,0.27570057,0.06572575,0.9961261,-0.058599547,-0.27186787,0.07438105,0.9594657
1576129996425,0.19381714,0.057434082,9.978073,-0.26223755,-1.5688019,0.25535583,-0.018446596,0.007650667,-0.016615558,0.96930933,-0.0542032,0.2398427,0.06929522,0.9960926,-0.05494062,-0.23592523,0.069873504,0.96926564
1576129996428,0.22492981,0,10.064209,-0.26223755,-1.5688019,0.25535583,-0.018438911,0.007656002,-0.016636437,0.96930933,-0.0542032,0.2398427,0.06929522,0.9960926,-0.05494062,-0.23592523,0.069873504,0.96926564
1576129996444,0.2416687,-0.39242554,10.097717,-0.17671204,-1.8278046,0.27734375,-0.018381553,0.0076648663,-0.016707087,0.98032355,-0.06400319,0.18679456,0.07495432,0.99583226,-0.052159272,-0.18267599,0.065133184,0.9810229
1576129996461,-0.18424988,-0.14117432,10.894516,-0.14677429,-1.806427,0.2559662,-0.01833076,0.0076345773,-0.016716026,0.98798335,-0.07172874,0.13699077,0.07945208,0.99550414,-0.05176349,-0.13266084,0.062024876,0.98922837
1576129996479,0.21534729,0.1603241,12.117249,-0.091796875,-1.7245789,0.3598175,-0.018310275,0.007629988,-0.016591765,0.9937445,-0.083003335,0.07486429,0.08706064,0.99482024,-0.052664585,-0.07010483,0.058852147,0.99581146
1576129996492,0.4283142,0.23928833,12.892532,-0.04171753,-1.7099152,0.45144653,-0.018257147,0.007658475,-0.016335772,0.9951448,-0.093793884,0.030199574,0.095353805,0.99392176,-0.055202972,-0.024838524,0.057813875,0.9980277
1576129996492,0.4283142,0.23928833,12.892532,-0.04171753,-1.7099152,0.45144653,-0.018257147,0.007658475,-0.016335772,0.9951448,-0.093793884,0.030199574,0.095353805,0.99392176,-0.055202972,-0.024838524,0.057813875,0.9980277
1576129996511,1.138977,-0.009567261,13.265808,-0.056381226,-1.5315399,0.508255,-0.018144062,0.0077002374,-0.015903255,0.9939187,-0.10865477,-0.018483492,0.10740492,0.99248624,-0.058783244,0.024730893,0.056439858,0.9981092
1576129996528,1.4715881,-0.26081848,14.187042,-0.06919861,-1.052002,0.37812805,-0.017934656,0.007706015,-0.015370157,0.9917747,-0.118734464,-0.048034932,0.115770824,0.99144876,-0.060383894,0.054792695,0.054325506,0.9970282
1576129996545,1.8831482,0.30389404,15.620346,-0.019729614,-0.75205994,0.30543518,-0.01765932,0.007705127,-0.014675171,0.99038917,-0.123931095,-0.06158679,0.12017643,0.9908658,-0.061338775,0.06862473,0.053347327,0.99622464
1576129996545,1.8831482,0.30389404,15.620346,-0.019729614,-0.75205994,0.30543518,-0.01765932,0.007705127,-0.014675171,0.99038917,-0.123931095,-0.06158679,0.12017643,0.9908658,-0.061338775,0.06862473,0.053347327,0.99622464
1576129996562,3.0747833,0.5742798,16.876572,0.0041046143,-0.78749084,0.18266296,-0.017283738,0.0077621625,-0.013752471,0.9892666,-0.12725985,-0.07196263,0.12286397,0.9904609,-0.062542215,0.079233855,0.053028695,0.995454
1576129996577,3.139389,0.6963043,17.228333,0.019973755,-0.72579956,0.04032898,-0.0168429,0.007850709,-0.012810692,0.98843485,-0.12842265,-0.08078391,0.12345084,0.9903071,-0.06380892,0.08819386,0.05309752,0.9946965
1576129996592,2.3066864,0.35414124,17.257034,0.029144287,-0.49856567,-0.040908813,-0.016390573,0.0079548,-0.011797962,0.9879986,-0.12833722,-0.086081065,0.12300227,0.9903069,-0.064672925,0.093545035,0.053308006,0.9941962
1576129996609,1.7946167,-0.062210083,16.45784,0.071899414,-0.28596497,-0.04335022,-0.015955783,0.008022413,-0.010620202,0.9878491,-0.12811132,-0.08810917,0.122612715,0.9903182,-0.065237515,0.095612176,0.053640924,0.9939816
