1576131494750,-0.06700134,-0.102890015,10.198212,0.0010223389,-0.0009613037,0.001373291,4.0949892e-8,1.1710628e-8,1.1710037e-8,1,0,0,0,1,0,0,0,1
1576131494766,-0.062210083,-0.08375549,10.21257,0.0034637451,-0.0009613037,-0.00047302246,6.5443976e-7,0.0000010703603,-2.3351551e-7,1,-2.7964585e-8,-4.052735e-8,2.7964584e-8,1,-1.1313173e-7,4.0527354e-8,1.1313173e-7,1
1576131494783,-0.062210083,-0.086135864,10.17189,0.002243042,-0.00035095215,-0.0010681152,0.0000018774047,0.000005265783,-9.0469285e-7,1,-1.8104206e-8,-6.4627834e-8,1.81042e-8,1,-2.0908337e-7,6.462784e-8,2.0908337e-7,1
1576131494801,-0.059814453,-0.059814453,10.179062,0.0004272461,-0.0009613037,-0.00047302246,0.000005728792,0.000011264601,-0.0000025032928,1,-2.080042e-8,-8.667449e-8,2.0800409e-8,1,-2.3310756e-7,8.66745e-8,2.3310756e-7,1
1576131494801,-0.059814453,-0.059814453,10.179062,0.0004272461,-0.0009613037,-0.00047302246,0.000005728792,0.000011264601,-0.0000025032928,1,-2.080042e-8,-8.667449e-8,2.0800409e-8,1,-2.3310756e-7,8.66745e-8,2.3310756e-7,1
1576131494818,-0.06700134,-0.088531494,10.19104,0.0004272461,0.0014801025,0.00015258789,0.000011099825,0.00001742715,-0.0000044241015,1,-3.6249208e-8,-8.325068e-8,3.6249194e-8,1,-2.345328e-7,8.325068e-8,2.345328e-7,1
1576131494834,-0.055038452,-0.07417297,10.186249,-0.00079345703,-0.00035095215,0.00015258789,0.000015486226,0.0000216957,-0.0000061357614,1,-3.7824975e-8,-6.4232346e-8,3.782496e-8,1,-2.0093644e-7,6.4232346e-8,2.0093644e-7,1
1576131494851,-0.06939697,-0.110076904,10.167099,-0.00019836426,0.000869751,-0.00047302246,0.00001894179,0.000024512685,-0.0000075949383,1,-5.650559e-8,-1.2127279e-8,5.650558e-8,1,-1.7291414e-7,1.2127284e-8,1.7291414e-7,1
1576131494872,-0.071777344,-0.112457275,10.186249,0.0010223389,-0.00035095215,-0.00047302246,0.000020258773,0.000024889214,-0.000010282436,1,-8.8928935e-8,1.1106569e-8,8.892892e-8,1,-1.5363673e-7,-1.1106559e-8,1.5363673e-7,1
1576131494874,-0.07896423,-0.112457275,10.198212,-0.00079345703,0.0002593994,0.00015258789,0.000020389776,0.000024812445,-0.000010472503,1,-8.924902e-8,1.1650713e-8,8.9249006e-8,1,-1.5197229e-7,-1.16507035e-8,1.5197229e-7,1
1576131494887,-0.0765686,-0.119644165,10.1766815,0.0004272461,0.0014801025,0.00076293945,0.000020994634,0.000024038425,-0.000011423043,1,-9.823558e-8,3.2849563e-8,9.823557e-8,1,-1.4742648e-7,-3.2849552e-8,1.4742648e-7,1
1576131494907,-0.08375549,-0.1268158,10.1814575,-0.00079345703,0.000869751,-0.00047302246,0.000020870273,0.000021929724,-0.000013464281,1,-1.1928508e-7,5.2596516e-8,1.1928506e-7,1,-1.3591313e-7,-5.25965e-8,1.3591313e-7,1
1576131494924,-0.0765686,-0.107681274,10.186249,0.0004272461,0.000869751,0.00076293945,0.000020133073,0.000018082454,-0.000015279678,1,-1.2503985e-7,7.667234e-8,1.2503983e-7,1,-1.16638525e-7,-7.6672336e-8,1.16638525e-7,1
1576131494924,-0.0765686,-0.107681274,10.186249,0.0004272461,0.000869751,0.00076293945,0.000020133073,0.000018082454,-0.000015279678,1,-1.2503985e-7,7.667234e-8,1.2503983e-7,1,-1.16638525e-7,-7.6672336e-8,1.16638525e-7,1
1576131494940,-0.090927124,-0.112457275,10.186249,-0.00019836426,0.002090454,-0.00047302246,0.000019317611,0.00001591695,-0.000016203823,1,-1.5418709e-7,1.133089e-7,1.5418706e-7,1,-1.13826104e-7,-1.1330888e-7,1.1382611e-7,1
1576131494955,-0.098098755,-0.095718384,10.17189,-0.00019836426,0.000869751,-0.0016937256,0.00001827172,0.000014446176,-0.000016912549,1,-1.660608e-7,1.2943704e-7,1.6606077e-7,1,-1.3294688e-7,-1.2943701e-7,1.329469e-7,1
1576131494969,-0.08375549,-0.112457275,10.19104,-0.00079345703,0.0002593994,0.001373291,0.000017123433,0.000013638059,-0.000017666707,1,-1.9062618e-7,1.3329915e-7,1.9062615e-7,1,-1.381852e-7,-1.3329912e-7,1.3818521e-7,1
1576131494971,-0.071777344,-0.117248535,10.186249,-0.00079345703,0.0002593994,0.001373291,0.000017022976,0.000013476149,-0.000017801538,1,-1.9062618e-7,1.3329915e-7,1.9062615e-7,1,-1.381852e-7,-1.3329912e-7,1.3818521e-7,1
1576131494986,-0.0765686,-0.086135864,10.200607,-0.00019836426,0.000869751,0.0019836426,0.000016784043,0.000013627788,-0.000019520145,1,-1.920986e-7,1.3617898e-7,1.9209857e-7,1,-1.5688643e-7,-1.3617894e-7,1.5688646e-7,1
1576131495003,-0.0765686,-0.07417297,10.174286,0.0010223389,0.0014801025,-0.00047302246,0.000017775199,0.00001571921,-0.000021800774,1,-1.7372177e-7,1.4476569e-7,1.7372174e-7,1,-1.6923035e-7,-1.4476564e-7,1.6923038e-7,1
1576131495024,-0.06700134,-0.100494385,10.186249,-0.00019836426,0.0002593994,0.0025939941,0.000019713956,0.000019939253,-0.000024797804,1,-1.8008662e-7,1.4604991e-7,1.8008659e-7,1,-1.7366712e-7,-1.4604986e-7,1.7366715e-7,1
1576131495024,-0.06700134,-0.100494385,10.186249,-0.00019836426,0.0002593994,0.0025939941,0.000019713956,0.000019939253,-0.000024797804,1,-1.8008662e-7,1.4604991e-7,1.8008659e-7,1,-1.7366712e-7,-1.4604986e-7,1.7366715e-7,1
1576131495036,-0.050247192,-0.08375549,10.183853,-0.00079345703,0.0002593994,-0.0022888184,0.000021630418,0.000022125541,-0.000026045447,1,-1.6667896e-7,1.4687882e-7,1.6667893e-7,1,-1.609322e-7,-1.4687876e-7,1.6093223e-7,1
1576131495050,-0.059814453,-0.090927124,10.19104,-0.00079345703,0.0002593994,0.00015258789,0.00002458164,0.000025266752,-0.000027327613,1,-1.7078905e-7,1.7083764e-7,1.7078902e-7,1,-1.4267643e-7,-1.7083758e-7,1.4267646e-7,1
1576131495069,-0.095718384,-0.100494385,10.1814575,-0.0020141602,0.000869751,0.0019836426,0.000027740598,0.00002985721,-0.000028791686,1,-1.8643422e-7,1.6077024e-7,1.8643419e-7,1,-1.263427e-7,-1.6077018e-7,1.2634273e-7,1
1576131495085,-0.06460571,-0.098098755,10.200607,-0.0026397705,0.000869751,0.00076293945,0.000029036173,0.000031659707,-0.000030026582,1,-2.14924e-7,2.2117581e-7,2.1492397e-7,1,-6.824497e-8,-2.2117577e-7,6.824503e-8,1
1576131495085,-0.06460571,-0.098098755,10.200607,-0.0026397705,0.000869751,0.00076293945,0.000029036173,0.000031659707,-0.000030026582,1,-2.14924e-7,2.2117581e-7,2.1492397e-7,1,-6.824497e-8,-2.2117577e-7,6.824503e-8,1
1576131495101,-0.105285645,-0.124420166,10.188644,-0.0014190674,0.000869751,-0.00047302246,0.000030216475,0.00003137912,-0.00003104117,1,-2.3672872e-7,2.1283567e-7,2.367287e-7,1,-3.2847193e-8,-2.1283563e-7,3.2847254e-8,1
1576131495117,-0.0765686,-0.13877869,10.205383,-0.0020141602,-0.00035095215,-0.0010681152,0.000029246647,0.000028272852,-0.00003177479,1,-2.0283167e-7,2.3675425e-7,2.0283164e-7,1,5.3296216e-9,-2.3675419e-7,-5.3295612e-9,1
1576131495137,-0.105285645,-0.14117432,10.186249,-0.00079345703,-0.00035095215,0.0019836426,0.000026823498,0.000022151413,-0.000031836385,1,-2.0028318e-7,2.6035278e-7,2.0028315e-7,1,2.3875216e-8,-2.6035272e-7,-2.3875149e-8,1
1576131495153,-0.105285645,-0.13877869,10.205383,0.0010223389,0.0002593994,0.00015258789,0.00002414265,0.000015910231,-0.000031424835,1,-2.2552305e-7,2.399926e-7,2.2552302e-7,1,5.1266973e-9,-2.3999254e-7,-5.1266267e-9,1
1576131495153,-0.105285645,-0.13877869,10.205383,0.0010223389,0.0002593994,0.00015258789,0.00002414265,0.000015910231,-0.000031424835,1,-2.2552305e-7,2.399926e-7,2.2552302e-7,1,5.1266973e-9,-2.3999254e-7,-5.1266267e-9,1
1576131495168,-0.071777344,-0.13400269,10.174286,0.0010223389,-0.00035095215,-0.00047302246,0.000023046396,0.000011546262,-0.00003143509,1,-2.3289634e-7,2.1200017e-7,2.3289631e-7,1,-4.930453e-8,-2.120001e-7,4.9304596e-8,1
1576131495188,-0.088531494,-0.0765686,10.188644,0.002243042,0.0002593994,0.0019836426,0.000024114785,0.0000063025204,-0.00003358322,1,-2.5467796e-7,1.842692e-7,2.5467793e-7,1,-1.4918659e-7,-1.8426908e-7,1.4918665e-7,1
1576131495211,-0.04547119,-0.06939697,10.1814575,0.002243042,0.000869751,0.00076293945,0.000026366275,0.000007826186,-0.00003677372,1,-2.7978336e-7,1.8194436e-7,2.7978334e-7,1,-2.4667952e-7,-1.8194423e-7,2.4667958e-7,1
1576131495213,-0.06460571,-0.0765686,10.1766815,0.002243042,0.000869751,0.00076293945,0.00002683832,0.000008444333,-0.000037255773,1,-2.7978336e-7,1.8194436e-7,2.7978334e-7,1,-2.4667952e-7,-1.8194423e-7,2.4667958e-7,1
1576131495227,-0.06460571,-0.059814453,10.183853,0.002243042,-0.00035095215,-0.0016937256,0.000029800709,0.000013824161,-0.000039572315,1,-2.7307007e-7,1.5120608e-7,2.7307004e-7,1,-3.0859584e-7,-1.5120592e-7,3.085959e-7,1
1576131495240,-0.06460571,-0.04307556,10.162323,-0.00019836426,-0.00035095215,0.0019836426,0.0000315748,0.000019861458,-0.00004121784,1,-2.8572143e-7,1.4725025e-7,2.857214e-7,1,-3.1245492e-7,-1.4725009e-7,3.1245497e-7,1
1576131495244,-0.07417297,-0.052642822,10.1766815,0.0004272461,0.000869751,0.001373291,0.000031917963,0.000021173208,-0.000041562937,1,-2.9142703e-7,1.508638e-7,2.91427e-7,1,-3.1423e-7,-1.5086364e-7,3.1423005e-7,1
1576131495258,-0.06700134,-0.050247192,10.1814575,-0.0014190674,0.000869751,0.001373291,0.000034486864,0.000028994944,-0.000043688484,1,-2.7720856e-7,1.2178583e-7,2.7720853e-7,1,-3.1833272e-7,-1.2178567e-7,3.1833278e-7,1
1576131495276,-0.06700134,-0.112457275,10.203003,-0.0014190674,-0.0009613037,-0.0022888184,0.00003700586,0.000036616548,-0.000045970144,1,-2.921876e-7,1.4024002e-7,2.9218756e-7,1,-2.3094319e-7,-1.402399e-7,2.3094323e-7,1
1576131495296,-0.102890015,-0.15553284,10.164719,-0.0014190674,-0.00035095215,0.001373291,0.000038228958,0.000038231654,-0.000047309448,1,-3.2217199e-7,1.3372582e-7,3.2217199e-7,1,-1.33903e-7,-1.3372572e-7,1.3390304e-7,1
1576131495309,-0.100494385,-0.16270447,10.1814575,0.0004272461,-0.0009613037,-0.0016937256,0.000036976122,0.00003363494,-0.000047843543,1,-3.3174967e-7,1.2813292e-7,3.3174967e-7,1,-1.11925516e-7,-1.2813283e-7,1.11925566e-7,1
1576131495309,-0.100494385,-0.16270447,10.1814575,0.0004272461,-0.0009613037,-0.0016937256,0.000036976122,0.00003363494,-0.000047843543,1,-3.3174967e-7,1.2813292e-7,3.3174967e-7,1,-1.11925516e-7,-1.2813283e-7,1.11925566e-7,1
1576131495326,-0.100494385,-0.14356995,10.1814575,-0.00019836426,0.000869751,0.001373291,0.00003494954,0.000026973363,-0.00004893896,1,-3.5964428e-7,1.2361916e-7,3.5964428e-7,1,-9.836189e-8,-1.2361906e-7,9.836193e-8,1
1576131495343,-0.088531494,-0.15792847,10.1766815,0.0010223389,-0.00035095215,0.00076293945,0.000032667096,0.000019124001,-0.000050574166,1,-3.6971187e-7,1.2404405e-7,3.6971187e-7,1,-1.100647e-7,-1.2404395e-7,1.1006474e-7,1
1576131495362,-0.06460571,-0.112457275,10.1814575,0.0016479492,-0.0009613037,0.001373291,0.000031635056,0.00001206368,-0.000051947936,1,-4.0801203e-7,3.9386578e-8,4.0801203e-7,1,-1.8856043e-7,-3.9386446e-8,1.8856043e-7,1
1576131495364,-0.06460571,-0.102890015,10.188644,0.0040893555,-0.0009613037,-0.0016937256,0.000031745432,0.000011604191,-0.00005206499,1,-3.8904844e-7,2.8623475e-8,3.8904844e-7,1,-2.3434642e-7,-2.862333e-8,2.343464e-7,1
1576131495378,-0.055038452,-0.08375549,10.186249,0.002243042,-0.0015869141,-0.0010681152,0.000032684282,0.000010920095,-0.000052953477,1,-3.7223407e-7,5.0048223e-9,3.7223407e-7,1,-2.815616e-7,-5.00466e-9,2.8156157e-7,1
1576131495395,-0.033493042,-0.071777344,10.17189,0.0010223389,-0.00035095215,0.00076293945,0.000036094483,0.000013663946,-0.000054579465,1,-3.8578108e-7,-1.3133131e-8,3.8578108e-7,1,-3.7334735e-7,1.3133332e-8,3.7334732e-7,1
1576131495412,-0.052642822,-0.050247192,10.1766815,0.0004272461,-0.0009613037,0.00076293945,0.000041739026,0.000020432817,-0.00005607646,1,-3.7485526e-7,-2.8426332e-8,3.7485526e-7,1,-3.933006e-7,2.8426538e-8,3.9330058e-7,1
1576131495425,-0.06460571,-0.0382843,10.183853,-0.00019836426,-0.00035095215,-0.0010681152,0.000045482077,0.000028935463,-0.000057702142,1,-3.7297946e-7,-4.8466337e-8,3.7297946e-7,1,-3.888959e-7,4.846654e-8,3.8889584e-7,1
1576131495425,-0.06460571,-0.0382843,10.183853,-0.00019836426,-0.00035095215,-0.0010681152,0.000045482077,0.000028935463,-0.000057702142,1,-3.7297946e-7,-4.8466337e-8,3.7297946e-7,1,-3.888959e-7,4.846654e-8,3.8889584e-7,1
1576131495436,-0.08135986,-0.050247192,10.198212,-0.0014190674,0.000869751,0.001373291,0.00004716741,0.000035300232,-0.000058895253,1,-4.0021968e-7,-3.527799e-8,4.0021968e-7,1,-3.8128417e-7,3.5278198e-8,3.812841e-7,1
1576131495457,-0.06939697,-0.06939697,10.157532,-0.0020141602,0.0014801025,0.001373291,0.000047915382,0.000046918103,-0.00006120907,1,-4.4768913e-7,-1.1118573e-9,4.4768913e-7,1,-3.143012e-7,1.112058e-9,3.1430125e-7,1
1576131495474,-0.114852905,-0.100494385,10.186249,-0.0026397705,-0.00035095215,0.0025939941,0.000046439698,0.000054585584,-0.00006387065,1,-5.4617453e-7,2.8798228e-8,5.4617453e-7,1,-1.4590012e-7,-2.8798087e-8,1.4590017e-7,1
1576131495490,-0.098098755,-0.100494385,10.1814575,-0.0038604736,0.0002593994,0.0025939941,0.000042763804,0.000058731497,-0.000065403314,1,-6.83046e-7,-1.29597035e-8,6.83046e-7,1,9.965326e-8,1.29596955e-8,-9.965322e-8,1
1576131495490,-0.098098755,-0.100494385,10.1814575,-0.0038604736,0.0002593994,0.0025939941,0.000042763804,0.000058731497,-0.000065403314,1,-6.83046e-7,-1.29597035e-8,6.83046e-7,1,9.965326e-8,1.29596955e-8,-9.965322e-8,1
1576131495503,-0.08135986,-0.122039795,10.1814575,-0.0020141602,-0.0015869141,-0.0035095215,0.000040351846,0.000059778045,-0.0000665778,1,-6.3360176e-7,-4.6167735e-8,6.3360176e-7,1,1.7991077e-7,4.6167678e-8,-1.7991076e-7,1
1576131495523,-0.050247192,-0.15553284,10.169495,-0.0026397705,0.000869751,0.00015258789,0.00004161402,0.000056168592,-0.00006831676,1,-6.1354086e-7,-1.5478179e-9,6.1354086e-7,1,4.094983e-7,1.547622e-9,-4.0949828e-7,1
1576131495541,-0.052642822,-0.16989136,10.183853,-0.0026397705,-0.0009613037,0.00015258789,0.000046106597,0.000049494774,-0.00006947523,1,-6.0678065e-7,-2.351741e-10,6.0678065e-7,1,5.289091e-7,2.3490943e-10,-5.28909e-7,1
1576131495559,-0.0765686,-0.16270447,10.19104,0.0016479492,0.0014801025,-0.0016937256,0.00005413531,0.000035652876,-0.00007156617,1,-6.2144693e-7,5.038929e-8,6.2144693e-7,1,5.332788e-7,-5.038956e-8,-5.3327875e-7,1
1576131495562,-0.04547119,-0.17468262,10.210175,-0.00019836426,0.0014801025,0.00076293945,0.000054856395,0.000034008215,-0.00007172192,1,-6.2041244e-7,5.994234e-8,6.2041244e-7,1,5.3721897e-7,-5.994261e-8,-5.372189e-7,1
1576131495572,-0.06700134,-0.1483612,10.179062,0.0016479492,0.002090454,0.0019836426,0.00005723956,0.000027721962,-0.000071917726,1,-6.359391e-7,8.231954e-8,6.359391e-7,1,5.1914304e-7,-8.23198e-8,-5.19143e-7,1
1576131495589,-0.1531372,-0.08135986,10.1766815,0.0010223389,0.002090454,0.001373291,0.00005683565,0.00002059653,-0.00007258511,1,-7.223207e-7,1.671338e-7,7.223207e-7,1,4.4787367e-7,-1.6713408e-7,-4.478736e-7,1
1576131495608,-0.27278137,0.18424988,10.159927,0.002243042,-0.0028076172,0.039855957,0.00004780227,0.000027442076,-0.00007527196,1,-0.000008757436,-6.0346565e-8,0.000008757436,1,-3.350847e-8,6.0346935e-8,3.3507916e-8,1
1576131495608,-0.27278137,0.18424988,10.159927,0.002243042,-0.0028076172,0.039855957,0.00004780227,0.000027442076,-0.00007527196,1,-0.000008757436,-6.0346565e-8,0.000008757436,1,-3.350847e-8,6.0346935e-8,3.3507916e-8,1
1576131495622,-0.22970581,0.28234863,10.179062,0.0016479492,-0.0021820068,0.08995056,0.000032633892,0.000056023888,-0.000077620294,1,-0.00006066107,-8.7349235e-7,0.00006066107,1,-0.0000010412409,8.7355556e-7,0.0000010411879,1
1576131495640,-0.13400269,0.14596558,10.198212,-0.00019836426,-0.0040283203,0.15286255,0.000008701858,0.00011868356,-0.00008042859,1,-0.00042040972,-0.000008129751,0.00042040972,1,-0.0000015804302,0.000008130414,0.0000015770122,1
1576131495655,-0.052642822,0.0765686,10.188644,-0.0014190674,-0.00340271,0.11193848,0.000004779185,0.0001510802,-0.00008218283,1,-0.0006823114,-0.000013138326,0.0006823114,1,-2.5024562e-7,0.000013138492,2.4128153e-7,1
1576131495674,-0.16989136,0.59580994,10.136002,-0.0032348633,0.0002593994,0.11193848,0.0000037583748,0.00021348156,-0.00008422627,1,-0.0008966343,-0.000014497882,0.0008966343,1,0.000005174134,0.0000144932355,-0.000005187129,1
1576131495674,-0.16989136,0.59580994,10.136002,-0.0032348633,0.0002593994,0.11193848,0.0000037583748,0.00021348156,-0.00008422627,1,-0.0008966343,-0.000014497882,0.0008966343,1,0.000005174134,0.0000144932355,-0.000005187129,1
1576131495691,-0.33499146,0.69392395,10.179062,-0.0020141602,0.002090454,0.12597656,-0.000009020619,0.00031713638,-0.000086407585,0.9999996,-0.0011755805,-0.000010812138,0.0011755805,0.9999996,0.000011496617,0.000010798616,-0.000011509314,1
1576131495705,-0.3062744,0.6795654,10.21257,-0.0038604736,0.0014801025,0.13148499,-0.000029645711,0.00040441696,-0.0000868445,0.99999934,-0.0013447534,-0.000009090592,0.0013447534,0.99999934,0.000015715936,0.000009069451,-0.00001572814,1
1576131495722,-0.29431152,0.6125641,9.997208,-0.0020141602,-0.0064697266,0.14492798,-0.00006781266,0.00053955003,-0.00008720154,0.99999887,-0.0017134704,-0.0000065056984,0.0017134704,0.99999887,0.000022363845,0.0000064673713,-0.000022374952,1
1576131495739,-0.29910278,0.85902405,10.145569,-0.0026397705,0.0027008057,0.15837097,-0.00009320041,0.0006384008,-0.000088361456,0.9999983,-0.002002119,-0.0000012477068,0.0020021189,0.9999983,0.000026909769,0.0000011938317,-0.000026912207,1
1576131495739,-0.29910278,0.85902405,10.145569,-0.0026397705,0.0027008057,0.15837097,-0.00009320041,0.0006384008,-0.000088361456,0.9999983,-0.002002119,-0.0000012477068,0.0020021189,0.9999983,0.000026909769,0.0000011938317,-0.000026912207,1
1576131495758,-0.14117432,0.83987427,10.143173,-0.00019836426,-0.014404297,0.1876831,-0.00012191704,0.00084964925,-0.00008819335,0.9999967,-0.0026850319,-0.000026399084,0.0026850323,0.9999967,0.00003110665,0.000026315463,-0.000031177417,1
1576131495772,-0.01675415,0.6197357,10.179062,-0.00079345703,-0.00035095215,0.20173645,-0.00012496517,0.00095689105,-0.000089418005,0.999995,-0.003283539,-0.000037953036,0.0032835398,0.999995,0.00003320562,0.000037843798,-0.000033330063,1
1576131495790,0.12921143,0.3062744,10.112076,0.0010223389,-0.009506226,0.15042114,-0.00010349238,0.0010926292,-0.00009065625,0.9999927,-0.0039076773,-0.00006526464,0.003907678,0.9999927,0.000027409335,0.00006515702,-0.00002766416,1
1576131495790,0.12921143,0.3062744,10.112076,0.0010223389,-0.009506226,0.15042114,-0.00010349238,0.0010926292,-0.00009065625,0.9999927,-0.0039076773,-0.00006526464,0.003907678,0.9999927,0.000027409335,0.00006515702,-0.00002766416,1
1576131495804,0.01914978,0.119644165,10.2341,0.0004272461,-0.01133728,0.115600586,-0.00007277785,0.001152615,-0.00009206108,0.99999195,-0.004117714,-0.00007982803,0.0041177147,0.99999195,0.000025270232,0.00007972327,-0.000025598729,1
1576131495821,0.22492981,0.21534729,10.195816,-0.00079345703,-0.0040283203,0.059402466,-0.00004688147,0.0011894493,-0.00009343227,0.9999914,-0.004241157,-0.00008812078,0.004241158,0.9999914,0.000025254058,0.00008801285,-0.000025627567,1
1576131495837,0.0765686,0.45224,10.155136,0.0010223389,-0.0052490234,-0.010238647,-0.000010298788,0.001241717,-0.00009439171,0.9999914,-0.0042487592,-0.000089252724,0.00424876,0.9999914,0.000025156307,0.00008914498,-0.000025535295,1
1576131495855,-0.03111267,0.5886383,10.25325,0.0004272461,-0.0052490234,-0.02368164,0.000010242124,0.0013339043,-0.00009528306,0.9999914,-0.0042320923,-0.000092254646,0.004232093,0.9999914,0.000024013218,0.00009215214,-0.00002440343,1
1576131495855,-0.03111267,0.5886383,10.25325,0.0004272461,-0.0052490234,-0.02368164,0.000010242124,0.0013339043,-0.00009528306,0.9999914,-0.0042320923,-0.000092254646,0.004232093,0.9999914,0.000024013218,0.00009215214,-0.00002440343,1
1576131495877,-0.15074158,0.63409424,10.19342,-0.0050811768,0.000869751,0.009307861,0.000010956602,0.0014650516,-0.000096495074,0.9999914,-0.004229727,-0.00009319532,0.004229728,0.9999914,0.00002451276,0.00009309074,-0.000024906727,1
1576131495892,-0.0765686,0.6628113,10.217346,-0.008743286,0.008804321,0.0539093,0.000009386615,0.0015884452,-0.00009977692,0.99999136,-0.004254056,-0.00009354576,0.004254057,0.99999136,0.0000268746,0.000093430535,-0.000027272303,1
1576131495905,0.0023956299,0.9571228,9.829712,-0.0050811768,0.009414673,0.08139038,0.000015065633,0.0016848365,-0.00010359547,0.9999911,-0.0043066856,-0.00008914497,0.0043066866,0.9999911,0.000027322953,0.00008902641,-0.000027706614,1
1576131495905,0.0023956299,0.9571228,9.829712,-0.0050811768,0.009414673,0.08139038,0.000015065633,0.0016848365,-0.00010359547,0.9999911,-0.0043066856,-0.00008914497,0.0043066866,0.9999911,0.000027322953,0.00008902641,-0.000027706614,1
1576131495923,0.095718384,0.27038574,10.224533,0.0095825195,0.00819397,0.12538147,0.00003559596,0.0018401234,-0.00010556245,0.99998987,-0.004586153,-0.0000061183764,0.004586152,0.99998987,0.000018932491,0.000006031465,-0.000018960354,1
1576131495939,0.071777344,0.2416687,10.19104,-0.004470825,0.014297485,0.09727478,0.000059540795,0.0019105859,-0.000105055566,0.99998903,-0.0047715837,0.00000670886,0.0047715823,0.99998903,0.000026762282,-0.0000068364966,-0.000026729964,1
1576131495956,-0.12921143,0.14596558,10.238892,-0.0069122314,0.0002593994,0.058181763,0.00008092118,0.0019662576,-0.00010621557,0.99998856,-0.0048665847,0.0000036425529,0.0048665833,0.99998856,0.000024518471,-0.0000037618468,-0.000024500452,1
1576131495971,-0.0023956299,0.100494385,10.1527405,0.0028686523,-0.004623413,0.05757141,0.00008799824,0.0020069215,-0.00010668622,0.9999882,-0.00491896,0.0000034279078,0.0049189585,0.9999882,0.000023235132,-0.0000035421745,-0.000023217988,1
1576131495971,-0.0023956299,0.100494385,10.1527405,0.0028686523,-0.004623413,0.05757141,0.00008799824,0.0020069215,-0.00010668622,0.9999882,-0.00491896,0.0000034279078,0.0049189585,0.9999882,0.000023235132,-0.0000035421745,-0.000023217988,1
1576131495990,-0.06939697,0.17706299,10.195816,0.015686035,0.012481689,0.01663208,0.000102376034,0.0020478454,-0.000107147425,0.9999881,-0.004946376,0.00000448958,0.004946375,0.9999881,0.000020623747,-0.000004591553,-0.00002060129,1
1576131496007,-0.023925781,0.13639832,10.269989,-0.00019836426,0.000869751,0.013580322,0.00011122852,0.0020891393,-0.000108985245,0.9999881,-0.004951968,0.0000057897723,0.0049519665,0.9999881,0.00001543454,-0.0000058661476,-0.000015405687,1
1576131496022,0.035888672,0.18185425,10.229324,0.014465332,0.03691101,0.02458191,0.00011665408,0.0021353208,-0.00011190243,0.9999881,-0.0049580974,0.000012446666,0.004958096,0.9999881,0.0000140366255,-0.0000125161205,-0.000013974747,1
1576131496022,0.035888672,0.18185425,10.229324,0.014465332,0.03691101,0.02458191,0.00011665408,0.0021353208,-0.00011190243,0.9999881,-0.0049580974,0.000012446666,0.004958096,0.9999881,0.0000140366255,-0.0000125161205,-0.000013974747,1
1576131496039,0.035888672,-0.0382843,10.1479645,-0.0050811768,-0.014404297,-0.013290405,0.00013333136,0.0021711139,-0.00011237949,0.9999881,-0.0049621095,0.000016138294,0.004962108,0.9999881,0.00001281501,-0.000016201699,-0.000012734777,1
1576131496059,0.011962891,-0.3254242,10.188644,-0.008132935,0.0045318604,-0.016342163,0.00015392221,0.0021860667,-0.00011397805,0.9999881,-0.0049566547,0.000013382667,0.0049566533,0.9999881,0.000014680661,-0.000013455283,-0.00001461415,1
1576131496074,-0.021530151,-0.2871399,10.167099,-0.0032348633,0.0027008057,-0.07254028,0.0001715872,0.0021625718,-0.000116531526,0.99998826,-0.004912857,0.00001297456,0.0049128556,0.99998826,0.000013372449,-0.000013040113,-0.0000133085505,1
1576131496089,-0.17228699,-0.2679901,10.119247,-0.0014190674,0.011260986,-0.10368347,0.00018021482,0.0021420731,-0.00011991094,0.99998885,-0.004775563,0.000030841395,0.0047755614,0.99998885,0.000017397775,-0.000030924133,-0.0000172503,1
1576131496092,-0.15074158,-0.13160706,10.236496,0.0040893555,0.0027008057,-0.10614014,0.00017991781,0.002134529,-0.00012153205,0.999989,-0.0047473414,0.000031564687,0.00474734,0.999989,0.000016313877,-0.000031641786,-0.000016163855,1
1576131496106,-0.114852905,-0.117248535,10.210175,0.002243042,0.0332489,-0.13789368,0.0001769333,0.002125574,-0.00012399917,0.9999902,-0.0044807447,0.00005850257,0.004480744,0.9999902,0.000008975655,-0.0000585422,-0.000008713442,1
1576131496124,-0.22492981,-0.047851562,10.1814575,-0.013015747,0.027740479,-0.12385559,0.00017306455,0.0021331408,-0.00012537203,0.9999914,-0.004211124,0.00009653703,0.004211123,0.9999914,0.000010620091,-0.000096580865,-0.00001021348,1
1576131496142,0.0143585205,0.01914978,10.159927,0.012619019,-0.03944397,-0.11468506,0.00016086544,0.0021440694,-0.00011978727,0.9999924,-0.003952045,0.000025731219,0.003952044,0.9999924,-0.000014303985,-0.000025674466,0.000014405545,1
1576131496142,0.0143585205,0.01914978,10.159927,0.012619019,-0.03944397,-0.11468506,0.00016086544,0.0021440694,-0.00011978727,0.9999924,-0.003952045,0.000025731219,0.003952044,0.9999924,-0.000014303985,-0.000025674466,0.000014405545,1
1576131496157,-0.04547119,-0.25602722,10.37767,0.0016479492,-0.004623413,-0.12263489,0.00015744273,0.0021343366,-0.00012676315,0.999993,-0.0037678364,0.000033436692,0.0037678354,0.999993,-0.000004788144,-0.00003341839,0.0000049140767,1
1576131496174,-0.13877869,-0.35891724,10.054642,-0.0050811768,0.0027008057,-0.09147644,0.00015699827,0.0021192392,-0.00012995508,0.99999386,-0.003536157,0.0000084714975,0.0035361561,0.99999386,-0.000014317837,-0.000008420796,0.000014347687,1
1576131496191,-0.06700134,-0.24406433,10.372879,0.014465332,-0.0009613037,-0.06336975,0.00015390356,0.0020782226,-0.00013207873,0.99999434,-0.003443734,0.000016768785,0.003443733,0.99999434,-0.0000059217264,-0.000016748274,0.000005979423,1
1576131496206,-0.36849976,-0.4139557,11.406586,-0.004470825,0.0332489,-0.054214478,0.00014607508,0.0020581016,-0.0001344123,0.9999946,-0.0033769808,-0.000009659436,0.0033769794,0.9999946,-0.00001691579,0.0000097165175,0.000016883054,1
1576131496206,-0.36849976,-0.4139557,11.406586,-0.004470825,0.0332489,-0.054214478,0.00014607508,0.0020581016,-0.0001344123,0.9999946,-0.0033769808,-0.000009659436,0.0033769794,0.9999946,-0.00001691579,0.0000097165175,0.000016883054,1
1576131496221,-0.20100403,-0.14356995,9.887146,0.0052948,0.00819397,-0.06642151,0.00013791316,0.0020001798,-0.00012244748,0.9999947,-0.0033298102,-0.000012376088,0.0033298088,0.9999947,-0.000040014198,0.000012509272,0.000039972743,1
1576131496239,-0.119644165,-0.74894714,10.2508545,0.0071411133,-0.008911133,-0.05543518,0.00012417938,0.0019433713,-0.0001295769,0.9999949,-0.0032746291,-0.00001694824,0.0032746277,0.9999949,-0.000043897773,0.00001709191,0.000043842017,1
1576131496257,-0.088531494,-0.9714813,10.258026,0.0040893555,-0.0107421875,-0.09941101,0.00011523877,0.0018386994,-0.00013648697,0.99999535,-0.003096729,-0.000048716644,0.0030967263,0.99999535,-0.000053073436,0.00004888077,0.000052922293,1
1576131496257,-0.088531494,-0.9714813,10.258026,0.0040893555,-0.0107421875,-0.09941101,0.00011523877,0.0018386994,-0.00013648697,0.99999535,-0.003096729,-0.000048716644,0.0030967263,0.99999535,-0.000053073436,0.00004888077,0.000052922293,1
1576131496275,-0.22732544,-0.33738708,10.504486,0.0052948,-0.015625,-0.10858154,0.00012686607,0.0017487889,-0.0001444385,0.9999961,-0.002822662,-0.00006803474,0.0028226578,0.9999961,-0.000059785,0.00006820321,0.00005959269,1
1576131496289,-0.27757263,-0.9260254,13.10788,-0.045394897,-0.017440796,-0.05053711,0.00011790543,0.0017222938,-0.00016488407,0.99999624,-0.0027677016,-0.00007656723,0.002767698,0.99999624,-0.000046624988,0.000076695986,0.00004641286,1
1576131496306,-0.122039795,-0.29910278,10.097717,-0.0032348633,-0.00035095215,0.030075073,0.00009933996,0.0016943386,-0.00015213474,0.99999624,-0.002766837,-0.000075686534,0.0027668339,0.99999624,-0.000038972576,0.000075794094,0.000038762984,1
1576131496324,-0.14356995,-0.46180725,10.310669,0.015686035,-0.0070648193,0.06796265,0.00008303621,0.0016592852,-0.0001501156,0.9999962,-0.002817144,-0.00008206086,0.0028171404,0.9999962,-0.000041102237,0.000082176346,0.00004087087,1
1576131496325,-0.100494385,-0.39482117,10.188644,0.015686035,-0.0070648193,0.06796265,0.000081117134,0.0016529944,-0.00014960772,0.9999962,-0.002817144,-0.00008206086,0.0028171404,0.9999962,-0.000041102237,0.000082176346,0.00004087087,1
1576131496340,-0.13160706,-0.5240326,10.238892,0.0010223389,-0.0040283203,0.051452637,0.00007457128,0.0016072022,-0.00015107746,0.9999961,-0.0028792664,-0.00008306799,0.002879263,0.9999961,-0.000045801105,0.000083199535,0.000045561705,1
1576131496358,-0.22253418,-0.3517456,10.112076,0.0016479492,0.0045318604,0.050231934,0.000067851666,0.0015497967,-0.00015307257,0.9999961,-0.0029130753,-0.00008565398,0.0029130715,0.9999961,-0.00004752073,0.00008579206,0.000047270973,1
1576131496373,-0.17228699,-0.5359955,10.19104,0.006515503,-0.0052490234,0.07040405,0.000052352058,0.001501913,-0.00015641125,0.9999959,-0.002985492,-0.00009127513,0.0029854884,0.9999959,-0.00004888372,0.00009142069,0.00004861095,1
1576131496375,-0.122039795,-0.5479584,10.157532,0.0004272461,-0.0021820068,0.067337036,0.000049949012,0.0014923892,-0.00015684101,0.9999958,-0.002996845,-0.000091642796,0.0029968412,0.9999958,-0.000048956856,0.00009178913,0.000048681944,1
1576131496390,-0.026321411,-0.6771698,10.169495,-0.0069122314,0.007583618,0.05757141,0.000042777912,0.0014302813,-0.00016265968,0.9999957,-0.0030425545,-0.00009263111,0.0030425505,0.9999957,-0.000050325383,0.00009278382,0.00005004325,1
1576131496409,-0.095718384,-0.75852966,10.157532,-0.008132935,-0.0009613037,0.015411377,0.000050324947,0.0013235474,-0.00016771092,0.9999957,-0.003072044,-0.000091461116,0.0030720402,0.9999957,-0.00005236444,0.000091621565,0.00005208316,1
1576131496424,-0.19621277,-0.727417,10.169495,-0.009353638,0.002090454,-0.020019531,0.000050632076,0.0012348844,-0.00017075,0.9999957,-0.0030714266,-0.000089771085,0.0030714227,0.9999957,-0.00005163389,0.00008992928,0.000051357856,1
1576131496443,-0.13639832,-0.6771698,10.198212,-0.009353638,0.008804321,-0.046875,0.00003996901,0.0011271539,-0.00017633544,0.9999957,-0.00304739,-0.000086200664,0.003047386,0.9999957,-0.000048874954,0.00008634924,0.000048611975,1
1576131496444,-0.15074158,-0.6915283,10.140778,-0.0032348633,0.009414673,-0.049942017,0.000038041013,0.0011120308,-0.00017694231,0.9999957,-0.0030411032,-0.00008501678,0.0030410993,0.9999957,-0.00004846414,0.0000851638,0.000048205304,1
1576131496457,-0.026321411,-0.55274963,10.241287,0.0034637451,0.010635376,-0.06826782,0.000030265457,0.0010406288,-0.00018060673,0.9999959,-0.0029906114,-0.00007837615,0.0029906074,0.9999959,-0.000048810172,0.0000785218,0.000048575494,1
1576131496473,-0.052642822,-0.5359955,10.17189,-0.0032348633,-0.0052490234,-0.057876587,0.000029698649,0.0009554905,-0.00018412425,0.9999961,-0.0029198355,-0.00007706666,0.0029198315,0.9999961,-0.000046142937,0.00007720109,0.000045917648,1
1576131496491,-0.13400269,-0.5742798,10.186249,0.0010223389,-0.010116577,-0.057876587,0.000030735995,0.0008790618,-0.00018562416,0.9999961,-0.0028651222,-0.00007787992,0.0028651184,0.9999961,-0.000044658886,0.0000780076,0.000044435496,1
1576131496491,-0.13400269,-0.5742798,10.186249,0.0010223389,-0.010116577,-0.057876587,0.000030735995,0.0008790618,-0.00018562416,0.9999961,-0.0028651222,-0.00007787992,0.0028651184,0.9999961,-0.000044658886,0.0000780076,0.000044435496,1
1576131496509,-0.04547119,-0.8159485,10.169495,-0.00079345703,-0.005844116,-0.05053711,0.000025015059,0.00079172733,-0.00018776719,0.9999961,-0.0028162377,-0.00008752266,0.002816234,0.9999961,-0.00004389152,0.000087645974,0.00004364479,1
1576131496526,-0.01914978,-0.5240326,10.203003,0.0004272461,-0.00035095215,-0.06642151,0.00003200071,0.00069660967,-0.00019135908,0.9999962,-0.0027640744,-0.00009009397,0.0027640706,0.9999962,-0.00004441484,0.00009021645,0.000044165576,1
1576131496542,-0.057434082,-0.69392395,10.640884,0.0028686523,0.000869751,-0.10858154,0.00007800788,0.00059339777,-0.00019035021,0.9999968,-0.0025544225,-0.000097668024,0.0025544174,0.9999968,-0.00006003431,0.00009782111,0.000059784565,1
1576131496556,-1.0815582,-0.19142151,10.033112,0.0052948,0.0002593994,-0.07925415,0.00007295302,0.00052458077,-0.00019633154,0.99999714,-0.0023980285,-0.000089920955,0.0023980234,0.99999714,-0.00006598607,0.000090079,0.00006577018,1
1576131496558,-1.3423767,-0.035888672,9.867996,0.0052948,0.0002593994,-0.07925415,0.0000623012,0.0005187615,-0.00019835228,0.99999714,-0.0023980285,-0.000089920955,0.0023980234,0.99999714,-0.00006598607,0.000090079,0.00006577018,1
1576131496572,0.22732544,-0.5359955,10.258026,0.0016479492,0.003921509,-0.01512146,0.00001021729,0.00050545164,-0.00020288088,0.99999714,-0.0023913516,-0.00008458261,0.002391347,0.99999714,-0.000062604515,0.00008473215,0.000062402,1
1576131496592,0.1483612,-0.61016846,10.198212,0.0040893555,-0.0015869141,-0.011459351,0.000042311418,0.00043808008,-0.00020312621,0.99999714,-0.0023880652,-0.000084161235,0.0023880606,0.99999714,-0.00006324951,0.000084312094,0.00006304828,1
1576131496607,-0.028717041,-0.62213135,10.217346,0.0040893555,-0.00340271,-0.02305603,0.000067754474,0.00036876666,-0.00020505123,0.99999714,-0.002380978,-0.00008419581,0.0023809734,0.99999714,-0.000063960804,0.00008434793,0.000063760104,1
1576131496607,-0.028717041,-0.62213135,10.217346,0.0040893555,-0.00340271,-0.02305603,0.000067754474,0.00036876666,-0.00020505123,0.99999714,-0.002380978,-0.00008419581,0.0023809734,0.99999714,-0.000063960804,0.00008434793,0.000063760104,1
1576131496625,0.028717041,-0.5766754,10.155136,0.0028686523,0.0002593994,-0.026733398,0.0000846585,0.0002857355,-0.00020845539,0.99999714,-0.0023717368,-0.00008409539,0.0023717321,0.99999714,-0.000064767315,0.000084248815,0.00006456764,1
1576131496641,-0.107681274,-0.39482117,10.195816,0.0004272461,0.0002593994,-0.026733398,0.00009361291,0.0002099899,-0.00021374245,0.99999714,-0.0023574845,-0.00008422912,0.0023574799,0.99999714,-0.000065377964,0.000084383086,0.00006517916,1
1576131496664,-0.098098755,-0.54556274,10.19104,0.0004272461,0.002090454,-0.009628296,0.000096721655,0.00012946424,-0.00021995706,0.99999714,-0.0023490367,-0.00008386218,0.002349032,0.99999714,-0.00006566417,0.000084016276,0.000065466935,1
1576131496671,-0.06700134,-0.5144501,10.155136,-0.00079345703,-0.00035095215,-0.0035095215,0.000097059965,0.00009989981,-0.00022183817,0.99999714,-0.0023488193,-0.00008384255,0.0023488146,0.99999714,-0.00006566221,0.00008399663,0.000065465036,1
1576131496671,-0.06700134,-0.5144501,10.155136,-0.00079345703,-0.00035095215,-0.0035095215,0.000097059965,0.00009989981,-0.00022183817,0.99999714,-0.0023488193,-0.00008384255,0.0023488146,0.99999714,-0.00006566221,0.00008399663,0.000065465036,1
1576131496691,-0.028717041,-0.14596558,10.19342,-0.0014190674,0.000869751,0.00015258789,0.000102328384,0.000055879595,-0.00022673765,0.99999714,-0.0023487878,-0.00008381767,0.0023487832,0.99999714,-0.00006558987,0.000083971594,0.00006539276,1
1576131496708,-0.088531494,-0.17945862,10.203003,0.0004272461,0.0014801025,-0.00047302246,0.00010913711,0.0000413101,-0.00022811076,0.99999714,-0.002348823,-0.000083764004,0.0023488184,0.99999714,-0.000065586515,0.00008391792,0.00006538953,1
1576131496723,-0.08135986,-0.21057129,10.188644,0.0016479492,0.0014801025,0.0032043457,0.00011233413,0.000028549819,-0.00022849499,0.99999714,-0.0023489462,-0.00008371304,0.0023489415,0.99999714,-0.00006566667,0.00008386715,0.000065469816,1
1576131496739,-0.13400269,-0.23928833,10.167099,0.0040893555,0.0027008057,0.0025939941,0.00011164379,0.000014836313,-0.00022817106,0.99999714,-0.0023490195,-0.0000836473,0.0023490149,0.99999714,-0.0000658331,0.0000838018,0.00006563639,1
1576131496739,-0.13400269,-0.23928833,10.167099,0.0040893555,0.0027008057,0.0025939941,0.00011164379,0.000014836313,-0.00022817106,0.99999714,-0.0023490195,-0.0000836473,0.0023490149,0.99999714,-0.0000658331,0.0000838018,0.00006563639,1
1576131496759,-0.15792847,-0.4665985,10.186249,0.0052948,-0.0028076172,0.021530151,0.000098887576,-0.000016266968,-0.00022967401,0.99999714,-0.0023527069,-0.00008398293,0.0023527022,0.99999714,-0.00006708869,0.00008414062,0.00006689087,1
1576131496774,-0.14596558,-0.30389404,10.186249,0.0034637451,-0.0028076172,0.038635254,0.00008696543,-0.000052062052,-0.00023114838,0.99999714,-0.0023683175,-0.00008500627,0.0023683128,0.99999714,-0.000068966656,0.00008516945,0.0000687651,1
1576131496791,-0.03111267,-0.35653687,10.13121,0.004699707,-0.004623413,0.06123352,0.00007683665,-0.0000881101,-0.00023360575,0.99999714,-0.0024126805,-0.000088007495,0.0024126759,0.99999714,-0.000072672425,0.00008818264,0.00007245984,1
1576131496791,-0.03111267,-0.35653687,10.13121,0.004699707,-0.004623413,0.06123352,0.00007683665,-0.0000881101,-0.00023360575,0.99999714,-0.0024126805,-0.000088007495,0.0024126759,0.99999714,-0.000072672425,0.00008818264,0.00007245984,1
1576131496807,-0.03111267,-0.40438843,10.138397,0.0034637451,-0.0052490234,0.07589722,0.00007322573,-0.00013156961,-0.00023701852,0.9999969,-0.0025001692,-0.00009375425,0.0025001646,0.9999969,-0.0000771229,0.00009394684,0.000076888224,1
1576131496825,0.011962891,-0.58384705,10.205383,0.0028686523,-0.0070648193,0.08016968,0.00007749648,-0.00019078191,-0.00024288072,0.9999965,-0.0026087866,-0.00010024634,0.002608782,0.9999965,-0.00008046967,0.00010045598,0.00008020784,1
1576131496839,0.13160706,-0.78723145,10.1479645,-0.00079345703,-0.0009613037,0.055740356,0.00009102979,-0.0002637562,-0.00024768588,0.9999963,-0.0026761019,-0.000103767285,0.0026760972,0.9999963,-0.00008094967,0.000103983606,0.000080671656,1
1576131496856,0.093322754,-0.76330566,10.126419,-0.0038604736,0.002090454,0.016036987,0.00011363975,-0.00035851452,-0.00025317902,0.9999963,-0.0026945244,-0.00010488702,0.0026945197,0.9999963,-0.000081363476,0.00010510594,0.00008108052,1
1576131496856,0.093322754,-0.76330566,10.126419,-0.0038604736,0.002090454,0.016036987,0.00011363975,-0.00035851452,-0.00025317902,0.9999963,-0.0026945244,-0.00010488702,0.0026945197,0.9999963,-0.000081363476,0.00010510594,0.00008108052,1
1576131496873,0.0765686,-0.92362976,10.138397,-0.0032348633,0.0033111572,-0.005355835,0.00013786528,-0.0004782856,-0.00025949787,0.9999963,-0.0026949442,-0.00010463713,0.0026949395,0.9999963,-0.00008121121,0.00010485568,0.000080928876,1
1576131496893,-0.105285645,-0.7130585,10.186249,-0.00630188,0.0002593994,-0.017578125,0.00014756546,-0.0005974451,-0.0002671485,0.9999963,-0.0026833657,-0.00010457569,0.002683361,0.9999963,-0.00007938659,0.00010478839,0.00007910564,1
1576131496908,0.22970581,-1.2155609,10.470993,-0.00630188,0.0155181885,0.01725769,0.00012133629,-0.0006432068,-0.0002707354,0.9999963,-0.0026919574,-0.000111701454,0.0026919518,0.9999963,-0.00008009779,0.000111916714,0.000079796744,1
1576131496908,0.22970581,-1.2155609,10.470993,-0.00630188,0.0155181885,0.01725769,0.00012133629,-0.0006432068,-0.0002707354,0.9999963,-0.0026919574,-0.000111701454,0.0026919518,0.9999963,-0.00008009779,0.000111916714,0.000079796744,1
1576131496925,0.0047912598,-0.95951843,10.073776,-0.0069122314,0.027130127,-0.022460938,0.0001485872,-0.00076170935,-0.0002763371,0.9999963,-0.0026871648,-0.00010610297,0.0026871595,0.9999963,-0.00007699903,0.00010630954,0.00007671358,1
1576131496941,0.059814453,-1.1509552,10.229324,-0.0050811768,0.0057525635,-0.07376099,0.00018261175,-0.00092147064,-0.00027709155,0.99999636,-0.0026541161,-0.00010081939,0.002654111,0.99999636,-0.000074910145,0.000101017904,0.00007464223,1
1576131496958,-0.06939697,-1.0073853,10.207779,0.006515503,-0.013183594,-0.12934875,0.00021048787,-0.0010946307,-0.00027719783,0.99999696,-0.0024319908,-0.000113757415,0.0024319848,0.99999696,-0.00007748793,0.00011394558,0.000077210985,1
1576131496962,-0.07896423,-0.9834442,10.207779,0.0034637451,-0.011962891,-0.14277649,0.00021258398,-0.0011178483,-0.0002772407,0.9999972,-0.0023355314,-0.00011995715,0.0023355244,0.9999972,-0.00008113738,0.00012014637,0.00008085694,1
1576131496974,-0.08375549,-0.7465668,10.155136,0.0010223389,-0.0028076172,-0.15255737,0.00021673093,-0.0012057879,-0.00027785636,0.9999977,-0.0021193803,-0.00012653564,0.0021193728,0.9999977,-0.00008224129,0.00012670968,0.00008197286,1
1576131496992,-0.011962891,-0.83987427,10.167099,0.0052948,-0.015625,-0.14645386,0.00021109039,-0.0013584829,-0.00028020632,0.9999985,-0.0017353278,-0.00014900028,0.001735318,0.9999985,-0.00008663019,0.00014915042,0.000086371416,1
