1576128508321,-0.19381714,-0.18424988,10.248459,0.053009033,-0.042892456,0.008377075,-0.004280055,0.003646745,-0.0006123121,0.99915963,-0.039651267,0.010918919,0.038980957,0.99767685,0.055950403,-0.013111982,-0.055477638,0.9983807
1576128508339,-0.122039795,-0.23210144,10.155136,0.073776245,-0.055114746,0.0010528564,-0.0043060672,0.0036442291,-0.0006065188,0.9991603,-0.039655853,0.010845991,0.0389908,0.9976817,0.05585721,-0.013035835,-0.055387296,0.9983868
1576128508355,-0.098098755,-0.2368927,10.119247,0.08354187,0.048721313,-0.014831543,-0.004321443,0.0036323846,-0.0006134056,0.99916065,-0.039641153,0.010860839,0.038977224,0.9976904,0.055710047,-0.013044089,-0.05523985,0.9983948
1576128508355,-0.098098755,-0.2368927,10.119247,0.08354187,0.048721313,-0.014831543,-0.004321443,0.0036323846,-0.0006134056,0.99916065,-0.039641153,0.010860839,0.038977224,0.9976904,0.055710047,-0.013044089,-0.05523985,0.9983948
1576128508371,-0.1651001,-0.13160706,10.267609,0.0597229,0.042007446,-0.01789856,-0.004333433,0.0036232523,-0.00062176515,0.99916077,-0.039613273,0.010941061,0.038946144,0.9976967,0.055618964,-0.013119034,-0.055146065,0.99839896
1576128508388,-0.19621277,-0.086135864,10.327423,0.031021118,-0.102767944,0.0053253174,-0.004355811,0.003629064,-0.00061253697,0.9991617,-0.03960832,0.010874438,0.038945656,0.99770015,0.055558536,-0.013049932,-0.055088338,0.998403
1576128508405,-0.122039795,-0.18185425,10.1766815,0.0126953125,-0.11375427,0.029754639,-0.0043794224,0.0036366126,-0.0006007723,0.99916285,-0.039653663,0.010592398,0.03900707,0.9977004,0.055511937,-0.012769215,-0.055052172,0.9984087
1576128508421,-0.1651001,-0.15074158,10.222137,0.021240234,-0.049621582,0.032196045,-0.0043966975,0.0036368407,-0.00060102955,0.9991624,-0.039692152,0.010505013,0.039050605,0.99770004,0.055488802,-0.012683248,-0.055031974,0.9984109
1576128508421,-0.1651001,-0.15074158,10.222137,0.021240234,-0.049621582,0.032196045,-0.0043966975,0.0036368407,-0.00060102955,0.9991624,-0.039692152,0.010505013,0.039050605,0.99770004,0.055488802,-0.012683248,-0.055031974,0.9984109
1576128508448,-0.18424988,-0.19142151,10.167099,0.07255554,0.0023040771,0.025482178,-0.0044299974,0.0036412813,-0.00059998146,0.99916106,-0.03974643,0.010428909,0.039110225,0.9977034,0.055390514,-0.012606458,-0.05493604,0.99841714
1576128508448,-0.18424988,-0.19142151,10.167099,0.07255554,0.0023040771,0.025482178,-0.0044299974,0.0036412813,-0.00059998146,0.99916106,-0.03974643,0.010428909,0.039110225,0.9977034,0.055390514,-0.012606458,-0.05493604,0.99841714
1576128508467,-0.117248535,-0.20817566,10.080963,0.10493469,0.12997437,0.010818481,-0.0044491612,0.003637516,-0.0006072163,0.9991556,-0.039797015,0.01075128,0.03914676,0.99771786,0.055101458,-0.012919544,-0.054633934,0.9984298
1576128508484,-0.17945862,-0.22492981,10.126419,0.102493286,-0.0050354004,0.008377075,-0.004466249,0.0036289874,-0.0006229298,0.99915296,-0.039818548,0.010914365,0.039162293,0.9977297,0.054875787,-0.013074586,-0.05440177,0.99844044
1576128508484,-0.17945862,-0.22492981,10.126419,0.102493286,-0.0050354004,0.008377075,-0.004466249,0.0036289874,-0.0006229298,0.99915296,-0.039818548,0.010914365,0.039162293,0.9977297,0.054875787,-0.013074586,-0.05440177,0.99844044
1576128508502,-0.13877869,-0.17228699,10.057037,0.10676575,-0.026397705,0.00044250488,-0.0044877515,0.0036202057,-0.0006390019,0.99915326,-0.039823413,0.010858948,0.039172508,0.99773914,0.054696586,-0.013012528,-0.054224797,0.9984509
1576128508524,-0.18185425,0.050247192,10.241287,0.08843994,0.09698486,-0.0056762695,-0.0045094597,0.0036318363,-0.00065693125,0.9991521,-0.039805766,0.011040045,0.039148603,0.9977549,0.054428764,-0.013181762,-0.053950287,0.9984635
1576128508524,-0.18185425,0.050247192,10.241287,0.08843994,0.09698486,-0.0056762695,-0.0045094597,0.0036318363,-0.00065693125,0.9991521,-0.039805766,0.011040045,0.039148603,0.9977549,0.054428764,-0.013181762,-0.053950287,0.9984635
1576128508537,-0.15792847,0.21057129,10.310669,0.049957275,0.007797241,0.005935669,-0.0045259567,0.0036539903,-0.00065535295,0.9991514,-0.039805036,0.0111146495,0.039144956,0.99775964,0.054345094,-0.013252881,-0.053863764,0.9984672
1576128508556,-0.16749573,-0.028717041,10.011566,0.053619385,-0.16323853,0.024871826,-0.004561883,0.003703054,-0.00064281945,0.9991525,-0.03985847,0.0108283125,0.03921549,0.9977642,0.054210126,-0.012964762,-0.053739414,0.99847776
1576128508573,-0.18424988,-0.07417297,9.86322,0.058502197,-0.091156006,0.019378662,-0.0045887115,0.0037327746,-0.0006668799,0.9991537,-0.039900947,0.010551919,0.039274335,0.99776864,0.05408604,-0.012686386,-0.053625725,0.9984875
1576128508588,-0.2033844,-0.052642822,10.018753,0.058502197,0.0035247803,0.0022735596,-0.0046083014,0.0037493913,-0.00070246996,0.9991537,-0.039911374,0.010512841,0.039287634,0.9977716,0.05402355,-0.012645496,-0.053564683,0.9984913
1576128508591,-0.20817566,-0.06939697,10.030716,0.0597229,0.020629883,-0.00079345703,-0.0046117348,0.0037519557,-0.0007077202,0.9991536,-0.039911155,0.010516433,0.039287336,0.9977721,0.054014366,-0.012648707,-0.05355537,0.99849176
1576128508608,0.009567261,-0.18185425,10.064209,0.060943604,0.048721313,-0.0056762695,-0.0046308604,0.0037648622,-0.00073612,0.9991532,-0.03990531,0.010576908,0.039279256,0.9977767,0.053935748,-0.01270564,-0.0534745,0.9984954
1576128508623,-0.16270447,-0.0047912598,10.291534,0.040786743,0.0059661865,-0.0099487305,-0.0046342174,0.0037723992,-0.0007500826,0.9991532,-0.03989763,0.010610144,0.039270364,0.9977794,0.053892527,-0.012736693,-0.0534301,0.9984974
1576128508645,-0.21057129,-0.119644165,10.145569,0.034683228,-0.09359741,-0.031936646,-0.0046600644,0.0037976378,-0.00073993765,0.99915624,-0.03985939,0.010468903,0.039240565,0.99778426,0.053825635,-0.012591088,-0.05336928,0.99850255
1576128508645,-0.21057129,-0.119644165,10.145569,0.034683228,-0.09359741,-0.031936646,-0.0046600644,0.0037976378,-0.00073993765,0.99915624,-0.03985939,0.010468903,0.039240565,0.99778426,0.053825635,-0.012591088,-0.05336928,0.99850255
1576128508654,-0.098098755,-0.026321411,10.064209,0.04017639,-0.03189087,-0.04660034,-0.0046718717,0.0038036082,-0.0007419092,0.9991582,-0.039823875,0.010413366,0.039208524,0.99778754,0.053788863,-0.012532333,-0.053335153,0.9985051
1576128508671,-0.29431152,-0.0023956299,10.145569,0.045059204,0.020629883,-0.051483154,-0.004700365,0.00382307,-0.0007563655,0.9991603,-0.039766457,0.010431713,0.039150774,0.9977923,0.053742886,-0.012545773,-0.05328922,0.9985073
1576128508687,-0.23928833,-0.050247192,10.121643,0.038345337,-0.12046814,-0.031936646,-0.0047387155,0.0038489054,-0.0007652616,0.99916476,-0.0396893,0.010309152,0.03908128,0.9977995,0.05365991,-0.012416119,-0.05321205,0.99851304
1576128508706,-0.1483612,-0.03111267,10.104889,0.024291992,-0.10458374,-0.034988403,-0.0047739744,0.003872356,-0.0007753073,0.99916965,-0.03962588,0.0100778965,0.039031073,0.997805,0.05359306,-0.012179377,-0.05315506,0.998519
1576128508706,-0.1483612,-0.03111267,10.104889,0.024291992,-0.10458374,-0.034988403,-0.0047739744,0.003872356,-0.0007753073,0.99916965,-0.03962588,0.0100778965,0.039031073,0.997805,0.05359306,-0.012179377,-0.05315506,0.998519
1576128508725,-0.19621277,-0.047851562,10.272385,0.008407593,0.050567627,-0.036819458,-0.0048002372,0.003899277,-0.0007855743,0.999172,-0.03958274,0.010039427,0.038990326,0.99780786,0.053569715,-0.012137786,-0.053133752,0.9985207
1576128508737,-0.30389404,-0.071777344,10.27478,-0.0013427734,0.057891846,-0.04963684,-0.004820426,0.0039146636,-0.0007808924,0.99917287,-0.039548237,0.0100851515,0.03895345,0.9978094,0.05356876,-0.012181539,-0.053131435,0.9985203
1576128508748,-0.29670715,-0.023925781,10.308273,-0.027008057,-0.031295776,-0.06491089,-0.004847811,0.003929286,-0.00077052496,0.9991748,-0.03949615,0.010094334,0.038900763,0.99781054,0.05358426,-0.012188534,-0.0531472,0.9985194
1576128508758,-0.20100403,-0.0023956299,10.255646,-0.038619995,-0.11741638,-0.063079834,-0.004870084,0.0039426303,-0.00076110376,0.9991787,-0.03942241,0.009990784,0.038832176,0.9978112,0.05362154,-0.012082738,-0.053189375,0.99851847
1576128508772,-0.1986084,-0.028717041,10.121643,-0.03617859,-0.13757324,-0.052703857,-0.0048947367,0.003961097,-0.0007547869,0.9991871,-0.03929295,0.009651312,0.038720038,0.99781144,0.053698868,-0.011740109,-0.053281344,0.9985176
1576128508791,-0.122039795,-0.059814453,10.243668,-0.00012207031,-0.0038146973,-0.06858826,-0.0049247085,0.003986593,-0.0007605975,0.99919266,-0.039179984,0.009519402,0.038613863,0.9978137,0.05373285,-0.011603775,-0.05332173,0.998517
1576128508806,-0.01914978,-0.100494385,10.269989,0.022460938,0.0126953125,-0.06796265,-0.0049356134,0.0040009464,-0.00075493526,0.99919504,-0.03911881,0.009528353,0.03855245,0.99781686,0.053720187,-0.0116089545,-0.053309448,0.9985176
1576128508824,-0.16989136,-0.01914978,10.506882,0.003540039,0.08049011,-0.052703857,-0.004935551,0.0040148986,-0.0007427054,0.99919754,-0.039037026,0.009599159,0.03846717,0.9978209,0.053705562,-0.01167468,-0.053293053,0.9985177
1576128508824,-0.16989136,-0.01914978,10.506882,0.003540039,0.08049011,-0.052703857,-0.004935551,0.0040148986,-0.0007427054,0.99919754,-0.039037026,0.009599159,0.03846717,0.9978209,0.053705562,-0.01167468,-0.053293053,0.9985177
1576128508837,-0.13160706,-0.095718384,10.511673,0.0126953125,-0.04899597,-0.043533325,-0.0049462514,0.004032015,-0.0007032425,0.999199,-0.038992435,0.0096206525,0.038421586,0.9978232,0.05369692,-0.011693416,-0.053284116,0.9985179
1576128508856,-0.13639832,-0.0143585205,10.485352,-0.0135650635,-0.059387207,-0.028869629,-0.0049608983,0.004054022,-0.0006489221,0.9992029,-0.038927503,0.009485881,0.038363863,0.9978251,0.053701755,-0.01155566,-0.05329488,0.99851894
1576128508874,-0.03111267,-0.062210083,10.325027,0.004135132,-0.045944214,-0.008728027,-0.004973757,0.004077529,-0.00060376804,0.9992038,-0.038914308,0.009449209,0.03835263,0.99782544,0.05370274,-0.011518401,-0.05329743,0.99851924
1576128508889,-0.033493042,-0.023925781,10.554749,-0.0068511963,-0.114364624,0.024261475,-0.0049755424,0.004097479,-0.00057338923,0.9992042,-0.03892719,0.009348348,0.03837086,0.99782467,0.053703144,-0.01141846,-0.05330156,0.9985202
1576128508892,-0.0382843,-0.04067993,10.62413,-0.0037994385,-0.15284729,0.041366577,-0.004975257,0.0041045058,-0.0005590138,0.9992041,-0.03896707,0.009195203,0.038418856,0.99782294,0.053702585,-0.011267752,-0.053306438,0.9985216
1576128508908,-0.06460571,-0.06939697,10.616959,-0.005630493,-0.18339539,0.053588867,-0.0049737524,0.004123878,-0.00050366146,0.99920326,-0.039078906,0.0088057555,0.03855133,0.997818,0.053699654,-0.010885004,-0.053317253,0.9985254
1576128508924,-0.16749573,0.0023956299,10.782059,0.016357422,-0.16262817,0.045028687,-0.0049774707,0.0041454053,-0.00042581453,0.9992012,-0.03926821,0.008181566,0.038774073,0.99781156,0.053658996,-0.010270695,-0.05329875,0.9985329
1576128508938,-0.124420166,-0.059814453,10.679169,0.027954102,-0.14064026,0.027923584,-0.004989739,0.0041635656,-0.00036127857,0.999201,-0.039321452,0.00794916,0.038840096,0.9978115,0.053613015,-0.010039846,-0.053261288,0.99853724
1576128508957,-0.023925781,-0.052642822,10.772491,0.04812622,-0.05999756,0.020599365,-0.0049991715,0.004185048,-0.00026149835,0.99920076,-0.039370757,0.007736094,0.038901623,0.99781424,0.053517595,-0.009826154,-0.053173736,0.9985439
1576128508961,-0.0143585205,-0.047851562,10.817947,0.049957275,-0.03617859,0.02243042,-0.0049994662,0.0041876035,-0.00024812573,0.9992006,-0.039378427,0.007722034,0.038910206,0.99781483,0.05350002,-0.009811849,-0.05315664,0.99854493
1576128508974,-0.124420166,-0.03111267,11.07399,0.037124634,0.020629883,0.025482178,-0.0049994783,0.0042044558,-0.00015401356,0.9992,-0.039392795,0.0077232826,0.038924765,0.9978158,0.053471915,-0.009812763,-0.053128373,0.9985465
1576128508992,-0.14356995,-0.102890015,11.083557,-0.030670166,-0.102142334,0.051757812,-0.0050095837,0.004229047,-0.000012758779,0.9991983,-0.039445683,0.007670364,0.038980328,0.9978133,0.05347807,-0.0097630145,-0.053136077,0.9985466
1576128509006,-0.20578003,-0.04067993,10.925629,-0.04838562,-0.18522644,0.06764221,-0.0050199185,0.004244236,0.00011536828,0.99919564,-0.03958779,0.0072835414,0.03914202,0.99780256,0.053559452,-0.009387784,-0.053231154,0.9985451
1576128509009,-0.1986084,-0.026321411,10.858627,-0.058166504,-0.15345764,0.07067871,-0.0050221574,0.004247094,0.00013568116,0.9991941,-0.039653923,0.0071283747,0.0392159,0.99779725,0.05360483,-0.009238262,-0.053281963,0.9985438
1576128509024,-0.19381714,-0.095718384,10.851456,-0.07281494,0.054840088,0.049301147,-0.0050418978,0.0042668083,0.00024015951,0.9991904,-0.039762042,0.007045471,0.039327186,0.99778646,0.053724173,-0.009166007,-0.053403486,0.99853796
1576128509042,-0.22970581,0.1603241,11.418549,0.0010986328,0.11959839,0.05053711,-0.0050667995,0.0042924653,0.00037507186,0.999184,-0.039870337,0.0073219305,0.0394197,0.9977779,0.053814825,-0.00945122,-0.05348217,0.9985311
1576128509056,-0.23928833,0.093322754,11.449661,0.016357422,-0.05633545,0.076797485,-0.005095763,0.004332447,0.0005334161,0.9991808,-0.039944407,0.0073536695,0.039492127,0.9977759,0.05379883,-0.00948622,-0.05346423,0.9985317
1576128509059,-0.2416687,0.07417297,11.509476,0.0126953125,-0.14674377,0.084121704,-0.005100867,0.0043394035,0.0005620997,0.99917907,-0.040005554,0.0072596017,0.039558344,0.99777406,0.053785495,-0.009395104,-0.053454045,0.9985331
1576128509073,-0.14356995,-0.18902588,11.365906,0.034683228,-0.35076904,0.0975647,-0.005129303,0.0043694936,0.000739997,0.99917215,-0.040349707,0.006224329,0.039958473,0.9977652,0.05365447,-0.0083753085,-0.053361226,0.99854714
1576128509091,0.0023956299,-0.3756714,11.085953,0.15930176,-0.44117737,0.052352905,-0.0051425216,0.004374237,0.00094043656,0.9991636,-0.040927727,0.0030071475,0.04071207,0.9977813,0.052782886,-0.005160718,-0.052616213,0.9986086
1576128509108,-0.16749573,0.028717041,10.782059,0.24053955,-0.39353943,-0.042922974,-0.0051356144,0.0043610116,0.0010961934,0.99917,-0.040884092,-0.00031794977,0.040847026,0.99787194,0.05093366,-0.0017650791,-0.050904267,0.998709
1576128509121,-0.22013855,0.086135864,10.382462,0.32911682,-0.10702515,-0.014831543,-0.005143381,0.004375496,0.0011729097,0.99917454,-0.04073888,-0.0017534398,0.040775646,0.99796396,0.049155805,-0.00025266685,-0.04918663,0.9987966
1576128509124,-0.2416687,0.0765686,10.332214,0.32911682,-0.10702515,-0.014831543,-0.005146473,0.004379978,0.001183748,0.99917454,-0.04073888,-0.0017534398,0.040775646,0.99796396,0.049155805,-0.00025266685,-0.04918663,0.9987966
1576128509141,-0.21296692,0.24406433,10.87059,0.34378052,0.17028809,-0.005050659,-0.005176737,0.004424238,0.0012455038,0.9991787,-0.04065581,-0.0011747204,0.04066583,0.99806637,0.047120757,-0.0007432658,-0.047129747,0.99889535
1576128509157,-0.093322754,0.35891724,11.435303,0.41586304,0.2521515,0.031585693,-0.005196948,0.004490273,0.0013689647,0.9991719,-0.04083086,0.0009135172,0.040751275,0.9982095,0.043904543,-0.0027045144,-0.043830886,0.99904215
1576128509173,-0.2679901,0.24885559,11.5334015,0.4812317,0.2778015,0.03831482,-0.00521277,0.00456012,0.0015341822,0.9991564,-0.04109445,0.0031968418,0.040931843,0.9983496,0.0404121,-0.004852241,-0.0402471,0.99918485
1576128509176,-0.24885559,0.25602722,11.52623,0.4812317,0.2778015,0.03831482,-0.0052169487,0.004571506,0.0015645942,0.9991564,-0.04109445,0.0031968418,0.040931843,0.9983496,0.0404121,-0.004852241,-0.0402471,0.99918485
1576128509191,-0.093322754,0.25125122,11.44487,0.53009033,0.26985168,0.03892517,-0.005242762,0.0046339356,0.0017494166,0.99913126,-0.041427102,0.0057585035,0.041193314,0.99850607,0.03604436,-0.0072430633,-0.035775796,0.99934065
1576128509207,-0.34934998,0.47616577,11.490341,0.5362091,0.2399292,0.021209717,-0.0052628154,0.0047109383,0.0019693836,0.9990999,-0.041686524,0.008627651,0.04140482,0.9986798,0.030574413,-0.009890737,-0.030189639,0.9995024
1576128509227,-0.4019928,0.550354,11.614761,0.4519043,0.14341736,-0.0068969727,-0.0053166933,0.004830836,0.0022286333,0.99907506,-0.041750874,0.010885379,0.041462224,0.99882,0.02549851,-0.011937042,-0.025023593,0.99962276
1576128509238,-0.41874695,0.67477417,11.724838,0.37860107,0.03590393,-0.019714355,-0.0053619957,0.0049191224,0.0024019314,0.99907315,-0.041645594,0.011446811,0.04136963,0.99887633,0.023354053,-0.012406463,-0.022858864,0.9996689
1576128509241,-0.42114258,0.71066284,11.720047,0.3364563,-0.03189087,-0.019714355,-0.005371398,0.004938199,0.0024378009,0.9990748,-0.04160634,0.011446654,0.041337837,0.9988915,0.02275304,-0.012380558,-0.022258818,0.9996827
1576128509261,-0.39720154,0.727417,11.602798,0.1721344,-0.08747864,-0.036209106,-0.0054416684,0.0051001315,0.0027345987,0.99908423,-0.041483514,0.011070663,0.04123702,0.99892086,0.021616966,-0.011955388,-0.02114066,0.99971217
1576128509271,-0.4139557,0.8494568,11.619553,0.06767273,0.13302612,-0.06185913,-0.005476878,0.0051868334,0.0028772568,0.99908745,-0.041388743,0.011133682,0.041143283,0.99892884,0.021421744,-0.0120083,-0.020944132,0.9997156
1576128509290,-0.24885559,1.0193481,12.119644,-0.00074768066,0.42196655,-0.07469177,-0.00553995,0.0053863125,0.0031829895,0.9990808,-0.04097637,0.013083086,0.040690273,0.9989475,0.021417154,-0.013946832,-0.02086513,0.99969214
1576128509293,-0.27757263,1.0241241,12.157928,-0.0025634766,0.4494629,-0.08018494,-0.0055461815,0.005413422,0.0032261428,0.99907464,-0.04079927,0.014070757,0.04049192,0.9989546,0.021463,-0.014931636,-0.0208734,0.9996777
1576128509305,-0.3756714,1.0576324,12.291931,-0.0019683838,0.4555664,-0.09057617,-0.0055798646,0.0055558896,0.0034573057,0.9990544,-0.04030191,0.01670871,0.03993758,0.9989744,0.021581922,-0.017561268,-0.02089421,0.9996346
1576128509327,-0.06939697,0.9523468,11.866013,-0.018447876,0.33950806,-0.104003906,-0.0056300424,0.0057886415,0.0038456619,0.99903065,-0.039603643,0.01955538,0.039176676,0.99900097,0.02174416,-0.02039688,-0.020956967,0.9995795
1576128509340,0.105285645,0.899704,11.152954,-0.03189087,0.36576843,-0.11317444,-0.005637872,0.0059557618,0.004087302,0.999018,-0.039041247,0.021259157,0.038574178,0.9990201,0.021944191,-0.02209494,-0.021102592,0.99954027
1576128509357,-0.110076904,0.8877411,11.200806,-0.09358215,0.5991211,-0.14250183,-0.0056300424,0.0061426293,0.004280153,0.9989535,-0.037869275,0.02590356,0.037283286,0.9990515,0.022734817,-0.02673981,-0.02174526,0.9994131
1576128509357,-0.110076904,0.8877411,11.200806,-0.09358215,0.5991211,-0.14250183,-0.0056300424,0.0061426293,0.004280153,0.9989535,-0.037869275,0.02590356,0.037283286,0.9990515,0.022734817,-0.02673981,-0.02174526,0.9994131
1576128509373,-0.0047912598,0.9068756,11.449661,-0.11741638,0.5930176,-0.16020203,-0.005633076,0.006299019,0.004439246,0.9988366,-0.036419597,0.031812448,0.035663072,0.99908036,0.024026772,-0.032658074,-0.02286429,0.9992123
1576128509393,0.095718384,0.8494568,10.961517,-0.11985779,0.31262207,-0.13639832,-0.0056280466,0.006511179,0.0046597286,0.99874437,-0.035003386,0.03602421,0.034102567,0.9991032,0.025317917,-0.036877926,-0.024057604,0.9990374
1576128509405,0.13400269,0.6963043,10.384857,-0.08320618,0.24664307,-0.13699341,-0.0056156726,0.0066354014,0.004757017,0.99872535,-0.03450816,0.037020374,0.033567093,0.9991105,0.025742019,-0.03787556,-0.024466526,0.99899024
1576128509424,0.098098755,0.74894714,9.63829,-0.02822876,0.46839905,-0.18159485,-0.0055875154,0.006817069,0.004790497,0.998666,-0.033292633,0.039647717,0.032269605,0.9991422,0.026164183,-0.04048458,-0.024849845,0.9988785
1576128509424,0.098098755,0.74894714,9.63829,-0.02822876,0.46839905,-0.18159485,-0.0055875154,0.006817069,0.004790497,0.998666,-0.033292633,0.039647717,0.032269605,0.9991422,0.026164183,-0.04048458,-0.024849845,0.9988785
1576128509439,0.023925781,0.68196106,9.422943,-0.025787354,0.74816895,-0.20175171,-0.005571906,0.0069288905,0.0047425805,0.99845254,-0.031375762,0.046066936,0.030171478,0.99919623,0.026604755,-0.046864424,-0.02517365,0.9985915
1576128509455,-0.112457275,0.6628113,9.690933,-0.021514893,0.79582214,-0.20724487,-0.005564374,0.0070791002,0.0046376954,0.9980253,-0.028849369,0.05592263,0.027359098,0.99926025,0.027230551,-0.056666568,-0.025646748,0.9980712
1576128509472,0.01914978,0.447464,9.506683,0.013290405,0.7029724,-0.21214294,-0.005568428,0.0072196103,0.0045439107,0.99750614,-0.026057184,0.06570255,0.024292361,0.9993319,0.027515596,-0.066375285,-0.02585086,0.99746734
1576128509472,0.01914978,0.447464,9.506683,0.013290405,0.7029724,-0.21214294,-0.005568428,0.0072196103,0.0045439107,0.99750614,-0.026057184,0.06570255,0.024292361,0.9993319,0.027515596,-0.066375285,-0.02585086,0.99746734
1576128509492,-0.61016846,0.55274963,9.102295,0.050567627,0.7237396,-0.2793274,-0.005574997,0.0073502767,0.0044073397,0.9968607,-0.02233591,0.07605678,0.02031257,0.99942756,0.02727135,-0.076621965,-0.025640773,0.99673814
1576128509509,-0.0765686,0.19381714,8.322235,-0.066711426,0.7720032,-0.19992065,-0.005652494,0.00746056,0.0041981447,0.9960698,-0.019082386,0.08657696,0.016768241,0.9994905,0.027376406,-0.0870548,-0.025817005,0.99587667
1576128509522,-0.35653687,0.4737854,8.394028,-0.1711731,0.7078552,-0.263443,-0.0056838957,0.0075267926,0.00399442,0.99546117,-0.016893594,0.093735285,0.014248579,0.9994891,0.0288141,-0.09417368,-0.027347654,0.9951878
1576128509539,-0.8614197,0.42352295,8.941986,-0.20477295,0.6198883,-0.22679138,-0.0057603004,0.0076252306,0.0037136609,0.99469787,-0.013961035,0.10196048,0.010795094,0.9994502,0.031535245,-0.10234414,-0.030267285,0.9942962
1576128509542,-0.83987427,0.41635132,8.9730835,-0.19255066,0.60279846,-0.21336365,-0.0057764915,0.007639278,0.0036783172,0.99460083,-0.013643271,0.10294585,0.010411533,0.9994439,0.031863477,-0.103322774,-0.03061953,0.9941842
1576128509558,-1.2275238,0.04067993,8.525635,-0.07649231,0.45495605,-0.16937256,-0.005907978,0.0077323057,0.0034418674,0.9940853,-0.011955856,0.108012006,0.008415303,0.9994201,0.033174478,-0.10834543,-0.032069217,0.9936037
1576128509577,-1.380661,0.100494385,8.327026,-0.010513306,0.38775635,-0.13761902,-0.0060937395,0.0077965,0.0031565854,0.9937476,-0.010810013,0.111195326,0.0071263947,0.99942034,0.03347045,-0.1114921,-0.032468658,0.9932426
1576128509589,-1.454834,0.32302856,8.360519,0.0053710938,0.39141846,-0.11439514,-0.0062510837,0.007838137,0.0029332747,0.99353755,-0.01018873,0.11311553,0.006438066,0.99942493,0.03347251,-0.11339093,-0.032527853,0.9930258
1576128509589,-1.454834,0.32302856,8.360519,0.0053710938,0.39141846,-0.11439514,-0.0062510837,0.007838137,0.0029332747,0.99353755,-0.01018873,0.11311553,0.006438066,0.99942493,0.03347251,-0.11339093,-0.032527853,0.9930258
1576128509608,-1.380661,0.3254242,8.571091,0.029174805,0.5264282,-0.058807373,-0.0065207263,0.00792971,0.0025795612,0.9929835,-0.009344394,0.11794962,0.005447505,0.9994361,0.033316687,-0.118193805,-0.032440297,0.99246854
1576128509626,-1.5553284,0.29431152,8.8989105,0.057281494,0.4580078,-0.091796875,-0.0067514037,0.008010835,0.0023139147,0.99253184,-0.008740314,0.1217375,0.00475488,0.9994506,0.032988936,-0.12195831,-0.03216363,0.992022
1576128509640,-1.799408,0.27757263,8.685944,0.05239868,0.29551697,-0.060028076,-0.006973137,0.0080796955,0.0021098994,0.99224406,-0.008168742,0.12410064,0.0041479906,0.9994654,0.032621924,-0.12430012,-0.031854067,0.99174124
1576128509656,-1.7276154,0.27757263,8.597412,0.01940918,0.2668152,-0.047821045,-0.0072162906,0.00814746,0.0018900025,0.99213076,-0.00799194,0.12501483,0.0039543323,0.99946976,0.03251082,-0.1252077,-0.03176056,0.99163014
1576128509658,-1.7539368,0.27757263,8.657227,0.0029144287,0.27719116,-0.060638428,-0.007257221,0.008158551,0.0018520638,0.99208397,-0.007913319,0.12539144,0.0038639312,0.99947035,0.032503266,-0.12558159,-0.031761386,0.9915829
1576128509675,-2.2492523,0.3014984,8.965912,-0.021514893,0.3095703,-0.07469177,-0.0075687743,0.008235345,0.0015983145,0.9919093,-0.0075768125,0.12678629,0.003471367,0.99946964,0.032569434,-0.1269652,-0.03186573,0.9914033
1576128509693,-2.3234253,0.31825256,9.422943,-0.06976318,0.09210205,-0.0154418945,-0.007936473,0.0083156945,0.0013936012,0.99179655,-0.0074294605,0.12767509,0.003273625,0.9994651,0.032728102,-0.1278493,-0.03204158,0.99128395
1576128509705,-2.3018951,0.29193115,9.511475,-0.09420776,-0.0728302,0.0041046143,-0.008157484,0.008362224,0.0013061117,0.9917992,-0.0074379276,0.12765454,0.0032718643,0.9994623,0.032813117,-0.12782931,-0.032126274,0.9912837
1576128509708,-2.2875366,0.36131287,9.504288,-0.09542847,-0.12597656,0.015090942,-0.008267951,0.008385451,0.0012675257,0.9918099,-0.0074565457,0.1275701,0.0032843095,0.99946,0.03288353,-0.12774575,-0.032195147,0.9912923
1576128509725,-2.1918182,0.32781982,9.492325,-0.07159424,-0.12475586,0.04319763,-0.008652505,0.008470669,0.0011420533,0.9918652,-0.007590268,0.12713228,0.0034013158,0.9994512,0.033133227,-0.12731336,-0.032431196,0.9913403
1576128509743,-1.8185425,0.4019928,9.274582,-0.07281494,0.00047302246,0.0499115,-0.009013923,0.008559392,0.0010173869,0.99187875,-0.0076907715,0.1270212,0.0034911223,0.99944687,0.033251118,-0.12720601,-0.03253754,0.9913506
1576128509759,-1.7324066,0.4019928,9.698105,-0.19010925,0.15318298,0.024261475,-0.009330077,0.008656331,0.0008797937,0.9918391,-0.007848154,0.12732117,0.0035846264,0.9994322,0.03367998,-0.12751257,-0.032948624,0.9912977
1576128509773,-1.8257294,0.3062744,9.827316,-0.22798157,0.22099304,0.0028839111,-0.009543225,0.008725163,0.00080908823,0.9917458,-0.007991048,0.12803756,0.0036004058,0.9994047,0.034485623,-0.12823623,-0.03373988,0.99117786
1576128509776,-1.902298,0.28953552,9.815353,-0.23776245,0.23197937,-0.0056762695,-0.009629611,0.008750737,0.0007864031,0.9916739,-0.008056567,0.12858991,0.0035729785,0.99938494,0.03505901,-0.1287926,-0.034307536,0.99108636
1576128509791,-2.1678925,0.37327576,9.836899,-0.27319336,0.1745758,-0.014831543,-0.009905554,0.008824027,0.0007250672,0.991565,-0.008129516,0.129423,0.003479588,0.999348,0.036112823,-0.12963149,-0.03535774,0.9909403
1576128509810,-1.8472595,0.45224,9.8033905,-0.32633972,-0.009292603,0.05419922,-0.010254062,0.008921042,0.00065982644,0.9915176,-0.008479038,0.1297641,0.003595618,0.99928445,0.037820216,-0.12999123,-0.037032686,0.990832
1576128509823,-1.3782654,0.36610413,9.640686,-0.29884338,0.07194519,0.060302734,-0.010517219,0.009009208,0.0005999369,0.99150825,-0.008992998,0.12980126,0.003910518,0.999224,0.039356794,-0.13005382,-0.038514845,0.9907671
1576128509826,-1.3710938,0.36610413,9.614365,-0.28967285,0.11286926,0.052978516,-0.010555563,0.009023438,0.00058846147,0.99149644,-0.009063269,0.12988646,0.0039483127,0.99921495,0.039582785,-0.1301426,-0.038733207,0.990747
1576128509841,-1.5888367,0.23210144,9.504288,-0.24691772,0.36454773,-0.012390137,-0.010771537,0.00910132,0.0005078771,0.9912965,-0.009336927,0.13138485,0.0039727306,0.99915653,0.041030224,-0.1316564,-0.040151,0.99049056
1576128509862,-1.8544312,0.25125122,9.588043,-0.28723145,0.29429626,-0.04475403,-0.011087171,0.009191038,0.00038478442,0.99078995,-0.009258501,0.1351574,0.0033698957,0.9990442,0.043731563,-0.13543236,-0.042873133,0.989867
1576128509873,-1.7443695,0.26081848,9.722046,-0.3000641,0.14891052,-0.01789856,-0.01130029,0.009245543,0.00031256987,0.99068964,-0.009303294,0.1358876,0.0032359383,0.99899715,0.044801787,-0.13616739,-0.04394473,0.98971903
1576128509889,-1.6486511,0.23449707,9.401398,-0.26646423,-0.014190674,0.016937256,-0.011548668,0.0093101235,0.00023236913,0.99066275,-0.00951687,0.13606891,0.003244928,0.99893177,0.04624072,-0.13636282,-0.045367207,0.989628
1576128509891,-1.6725769,0.23210144,9.296112,-0.26036072,-0.014190674,0.021820068,-0.011588934,0.009320593,0.00021657317,0.9906639,-0.009553765,0.13605821,0.0032594514,0.9989239,0.046408914,-0.13635439,-0.045531936,0.98962164
1576128509908,-1.6151581,0.15074158,8.874985,-0.22431946,0.06765747,0.03526306,-0.011869611,0.009389678,0.00006514703,0.99065053,-0.009782682,0.13613985,0.0033680273,0.9988833,0.047268074,-0.13644946,-0.046367392,0.9895698
1576128509925,-1.4859467,0.03111267,8.726624,-0.2237091,0.19717407,0.021209717,-0.0121371,0.009445373,-0.00015135991,0.99055463,-0.010059427,0.13681611,0.0034738507,0.9988343,0.0482875,-0.13714159,-0.047355883,0.98942745
1576128509939,-1.3495483,-0.062210083,8.523239,-0.17300415,0.18067932,0.012039185,-0.012352293,0.009478219,-0.00036259688,0.9904246,-0.010267605,0.1377392,0.0035044819,0.9987871,0.04925305,-0.138077,-0.04829847,0.98925185
1576128509939,-1.3495483,-0.062210083,8.523239,-0.17300415,0.18067932,0.012039185,-0.012352293,0.009478219,-0.00036259688,0.9904246,-0.010267605,0.1377392,0.0035044819,0.9987871,0.04925305,-0.138077,-0.04829847,0.98925185
1576128509959,-1.5481567,-0.17228699,7.8963165,-0.154068,0.23626709,-0.036819458,-0.012620362,0.00949714,-0.0007035989,0.9902993,-0.010301592,0.13863482,0.003395186,0.99875236,0.04996105,-0.13897566,-0.04900543,0.98909134
1576128509976,-1.7706909,-0.29431152,7.8221436,-0.154068,0.2839203,-0.048416138,-0.012841067,0.009495906,-0.0010226809,0.9900864,-0.010162698,0.14015895,0.0030546195,0.9987093,0.05083585,-0.14049374,-0.049903452,0.98883224
1576128509992,-1.9477539,-0.35414124,7.7001038,-0.18032837,0.1733551,-0.047821045,-0.013134963,0.009475179,-0.0014266052,0.98995125,-0.010052319,0.14111905,0.0027939682,0.9986742,0.051537726,-0.14144903,-0.050625253,0.98865944
1576128510007,-1.8352966,-0.2679901,7.7024994,-0.23591614,0.015731812,-0.035598755,-0.013404571,0.009452203,-0.0017885339,0.98991096,-0.010013785,0.14140473,0.0026332573,0.9986358,0.052284613,-0.14173442,-0.051384445,0.98857945
1576128510010,-1.832901,-0.25602722,7.728821,-0.24203491,-0.0135650635,-0.03253174,-0.013449217,0.009449024,-0.0018491584,0.9899123,-0.010015006,0.14139515,0.0026140448,0.99862826,0.052430727,-0.1417253,-0.051531896,0.9885731
1576128510023,-1.804184,-0.275177,7.6666107,-0.23591614,-0.15530396,-0.02949524,-0.013714603,0.00943126,-0.0022123838,0.9899846,-0.010044761,0.14088504,0.002503385,0.99856645,0.053603318,-0.1412205,-0.052713457,0.9885831
1576128510041,-1.7395782,-0.31825256,7.3962097,-0.18032837,-0.14123535,-0.028869629,-0.013974772,0.009414656,-0.0025896323,0.99005586,-0.010050501,0.14038308,0.0024433387,0.99853146,0.054255508,-0.14072119,-0.053372666,0.98861897
1576128510059,-1.964508,-0.43310547,7.2957153,-0.050827026,-0.00869751,-0.05392456,-0.014314723,0.009380256,-0.003132609,0.9900869,-0.009996896,0.14016834,0.0023528151,0.9985133,0.054594345,-0.14050467,-0.053723034,0.9886308
1576128510062,-2.0195465,-0.45942688,7.2646027,-0.03555298,-0.003189087,-0.056365967,-0.01435922,0.009374571,-0.0032022842,0.9900871,-0.009988513,0.14016776,0.0023435615,0.998513,0.054600198,-0.14050364,-0.053730138,0.98863053
1576128510077,-2.1678925,-0.279953,7.2669983,0.027359009,-0.11009216,-0.027053833,-0.014648192,0.00933868,-0.0036275918,0.99009633,-0.009933047,0.14010578,0.0022933523,0.9985138,0.054583777,-0.1404387,-0.053721566,0.9886403
1576128510092,-1.907074,-0.24885559,7.446457,0.031021118,-0.28479004,0.024871826,-0.014948404,0.009316533,-0.004049549,0.9901841,-0.009944426,0.13948347,0.0023503879,0.99851805,0.054502748,-0.13981774,-0.053639583,0.98873276
1576128510108,-1.5744781,-0.22492981,7.475174,0.11959839,-0.38742065,0.06518555,-0.015268862,0.009303039,-0.0045219394,0.9904986,-0.010206705,0.13721383,0.002806085,0.99854314,0.054019827,-0.13756432,-0.053121198,0.9890768
1576128510108,-1.5744781,-0.22492981,7.475174,0.11959839,-0.38742065,0.06518555,-0.015268862,0.009303039,-0.0045219394,0.9904986,-0.010206705,0.13721383,0.002806085,0.99854314,0.054019827,-0.13756432,-0.053121198,0.9890768
1576128510126,-1.7563324,-0.29910278,7.1521454,0.2545929,-0.3868103,0.084747314,-0.015550675,0.009285487,-0.0050022537,0.9909891,-0.010682696,0.13358764,0.0037385952,0.99864095,0.05212398,-0.13396199,-0.05115457,0.9896746
1576128510142,-1.7491608,-0.27757263,7.2598267,0.28025818,-0.26464844,0.08963013,-0.015845403,0.009263234,-0.005512452,0.9912537,-0.010994136,0.131584,0.0043878295,0.99872726,0.05039016,-0.13196959,-0.049371786,0.9900326
1576128510160,-1.4883423,-0.35653687,7.470398,0.27903748,-0.10398865,0.047470093,-0.01612921,0.009240228,-0.0060132486,0.99138546,-0.011227254,0.1305681,0.0048976433,0.99880886,0.048697017,-0.13095842,-0.047637768,0.99025184
1576128510173,-1.450058,-0.26560974,7.692932,0.271698,-0.053894043,-0.019714355,-0.01631107,0.009220746,-0.0063493713,0.9914159,-0.011125024,0.13034528,0.0049314895,0.9988549,0.04774224,-0.13072623,-0.046689358,0.9903278
1576128510176,-1.4715881,-0.24885559,7.7120667,0.2741394,-0.055114746,-0.030090332,-0.016346773,0.009217439,-0.0064146076,0.99142116,-0.011079447,0.13030942,0.00491242,0.9988641,0.047551688,-0.13068731,-0.046503354,0.99034166
1576128510192,-1.7874451,-0.098098755,7.6713867,0.29185486,-0.10031128,-0.03375244,-0.016606357,0.009204492,-0.006851784,0.9914769,-0.0106641315,0.12991907,0.0047103954,0.9989358,0.04604699,-0.13027084,-0.04504231,0.9904642
1576128510211,-1.6678009,0.095718384,7.8460693,0.26315308,-0.13452148,0.048690796,-0.01693369,0.009221506,-0.007336743,0.9915679,-0.010513513,0.12923527,0.004802341,0.9990091,0.044423576,-0.12957324,-0.04342812,0.99062794
1576128510227,-1.6103668,0.04307556,7.996811,0.2521515,-0.21699524,0.10610962,-0.017174745,0.009253136,-0.007681599,0.99169654,-0.010808338,0.1282213,0.005335303,0.999071,0.042950265,-0.12856539,-0.041909296,0.9908248
1576128510240,-1.3471527,-0.06939697,8.001602,0.23504639,-0.22492981,0.11222839,-0.017363975,0.009278112,-0.007955752,0.991793,-0.011085158,0.12744996,0.0057557793,0.9991047,0.042106993,-0.12780158,-0.041027617,0.99096066
1576128510243,-1.2993011,-0.047851562,8.013565,0.22894287,-0.21516418,0.109176636,-0.017399166,0.009282148,-0.008009788,0.9918145,-0.011150213,0.1272766,0.0058528953,0.99911207,0.0419179,-0.12762995,-0.040829618,0.990991
1576128510261,-0.83509827,-0.023925781,8.707489,0.2069397,0.020629883,0.02670288,-0.017635822,0.009317394,-0.008417475,0.9918845,-0.011391288,0.1267078,0.006258726,0.9991548,0.040830668,-0.12706476,-0.039706066,0.99110943
1576128510276,-0.91166687,0.055038452,9.74118,0.2509308,0.20022583,-0.11683655,-0.017769076,0.009339863,-0.008633018,0.9918065,-0.011050597,0.12734789,0.006009042,0.99919385,0.039904233,-0.12768514,-0.038811836,0.99106526
1576128510290,-1.1892395,0.17228699,10.121643,0.38043213,0.1269226,-0.26956177,-0.017880162,0.009366654,-0.008717876,0.99167955,-0.009388383,0.12846613,0.004558183,0.9992818,0.03784048,-0.12872809,-0.03693986,0.991002
1576128510292,-1.277771,0.17468262,10.016357,0.38043213,0.1269226,-0.26956177,-0.01790489,0.009373474,-0.008727402,0.99167955,-0.009388383,0.12846613,0.004558183,0.9992818,0.03784048,-0.12872809,-0.03693986,0.991002
1576128510309,-1.5649109,0.44506836,9.525833,0.44395447,-0.20050049,-0.16693115,-0.01810637,0.009438554,-0.008795703,0.9917496,-0.0068802033,0.12808321,0.00253651,0.9994255,0.034044318,-0.12824279,-0.033438392,0.9911892
1576128510327,-1.7730865,0.38523865,9.789032,0.26252747,-0.61405945,0.07557678,-0.018364672,0.009530923,-0.008895767,0.99231124,-0.006236482,0.12369151,0.002474518,0.99953866,0.030543344,-0.123823926,-0.030002292,0.9918608
1576128510342,-1.3136597,0.37327576,10.463806,0.1415863,-0.8975067,0.14704895,-0.018597178,0.00961435,-0.008947467,0.9934727,-0.007649372,0.113902144,0.0044429265,0.99959576,0.028376935,-0.11407225,-0.027685529,0.99309695
1576128510358,-1.2945099,0.4665985,10.853836,0.21427917,-0.8858948,0.07496643,-0.018831624,0.009711488,-0.00891324,0.99505824,-0.009045047,0.09898151,0.0065538385,0.99966264,0.025463168,-0.09917763,-0.024688527,0.99477357
1576128510362,-1.2658081,0.48095703,10.887344,0.23016357,-0.86634827,0.06945801,-0.018863374,0.009726105,-0.008901652,0.99524564,-0.009148524,0.09707006,0.006756679,0.9996745,0.02493899,-0.09726583,-0.024164453,0.9949752
1576128510375,-1.2801666,0.45942688,10.851456,0.28941345,-0.83091736,0.092666626,-0.019048624,0.009818626,-0.008814906,0.99622273,-0.009787076,0.08639948,0.007972775,0.9997494,0.0213173,-0.086585775,-0.02054787,0.9960427
1576128510392,-1.2610168,0.4139557,10.68634,0.18739319,-1.0294495,0.22340393,-0.019263262,0.00992671,-0.008711602,0.9974515,-0.012350161,0.0704178,0.01118042,0.9998018,0.0169791,-0.07061295,-0.016148498,0.9973833
1576128510407,-0.9643097,0.3517456,10.600204,0.038345337,-1.0801544,0.18858337,-0.019433876,0.010011442,-0.008636951,0.9986516,-0.016460083,0.04944246,0.0157435,0.99977434,0.014844432,-0.049675245,-0.014046007,0.99867684
1576128510423,-0.8446655,0.48812866,10.82991,0.037734985,-0.8370209,0.08778381,-0.019576171,0.010092572,-0.00856827,0.9992052,-0.018350936,0.035676457,0.017851124,0.99974734,0.014272958,-0.035929084,-0.013624742,0.99927163
1576128510426,-0.84706116,0.49771118,10.894516,0.05239868,-0.7814331,0.07130432,-0.019597698,0.010107208,-0.00855511,0.99925566,-0.018485889,0.034160405,0.018011287,0.99974626,0.014143883,-0.034412935,-0.013518075,0.99932647
1576128510441,-1.0049896,0.6316986,11.164917,0.1574707,-0.49983215,0.008377075,-0.01972124,0.010203792,-0.008453727,0.9994286,-0.018712407,0.028509663,0.018347628,0.99975574,0.012996568,-0.02874568,-0.012466061,0.9995193
1576128510461,-1.385437,0.76330566,11.368301,0.15258789,-0.5389252,0.07435608,-0.01992708,0.010361206,-0.008264623,0.9995363,-0.019022446,0.024202447,0.018750696,0.999768,0.011397868,-0.024413455,-0.01093879,0.9996525
1576128510474,-1.0480499,0.7920227,11.344376,0.04017639,-0.8254242,0.18492126,-0.02010828,0.010494863,-0.008097456,0.99966323,-0.02049409,0.016543843,0.02032496,0.9997491,0.010315493,-0.016750967,-0.009975793,0.99982035
1576128510478,-0.94277954,0.8063812,11.308487,0.024291992,-0.8669586,0.20629883,-0.020136148,0.010517869,-0.008069267,0.99968356,-0.02094773,0.014635049,0.020799087,0.9997403,0.01022269,-0.014845274,-0.009915086,0.99985105
1576128510492,-0.3254242,0.7130585,11.021347,-0.01663208,-0.9530945,0.316864,-0.020266958,0.010656949,-0.007909856,0.9996781,-0.025718682,-0.0016309269,0.025733607,0.9996273,0.010053668,0.0013717276,-0.010092425,0.99995863
1576128510510,-0.110076904,0.72502136,10.844269,0.027359009,-0.64094543,0.2472229,-0.020332273,0.010811791,-0.0077636125,0.9994606,-0.030128198,-0.013828599,0.030262465,0.9995048,0.009620446,0.0135317715,-0.0100337695,0.9998685
1576128510527,-0.550354,0.54556274,11.131409,0.04017639,-0.16323853,0.08778381,-0.020366961,0.010961159,-0.007636442,0.9993853,-0.031248491,-0.016517268,0.031404626,0.9994728,0.009292383,0.016218029,-0.009805416,0.9998308
1576128510541,-1.1126556,0.7992096,11.763123,0.04017639,-0.090545654,0.09207153,-0.020443905,0.011077228,-0.0074895746,0.9993784,-0.03138646,-0.01667489,0.031542975,0.9994691,0.009220366,0.016376484,-0.009740637,0.9998289
1576128510543,-1.2179413,0.80877686,11.820541,0.040786743,-0.11009216,0.10795593,-0.020463573,0.011097938,-0.007458428,0.99937636,-0.031429265,-0.016717762,0.031585913,0.99946785,0.009202925,0.016419467,-0.009725257,0.99982834
1576128510560,-1.2538452,0.78723145,11.947357,0.018798828,-0.401474,0.22340393,-0.020619676,0.011229932,-0.0072364965,0.99931836,-0.032418028,-0.01823066,0.03258591,0.99943763,0.009000124,0.01792847,-0.009588079,0.9998038
1576128510577,-0.6963043,0.6795654,11.121841,-0.038009644,-0.7423401,0.29182434,-0.020807274,0.011385218,-0.0069703013,0.999096,-0.03508313,-0.024431828,0.035309922,0.9993457,0.008922062,0.024102602,-0.009776707,0.9996722
1576128510591,-0.117248535,0.69392395,10.339386,-0.12597656,-0.7655487,0.27716064,-0.020907931,0.011512953,-0.0068253265,0.9985702,-0.03942363,-0.03638566,0.039803874,0.9991687,0.009791347,0.035969067,-0.011225648,0.99930036
1576128510594,-0.026321411,0.71066284,10.222137,-0.12597656,-0.7655487,0.27716064,-0.020917384,0.0115341805,-0.0068113212,0.9985702,-0.03942363,-0.03638566,0.039803874,0.9991687,0.009791347,0.035969067,-0.011225648,0.99930036
1576128510609,0.14596558,0.4355011,9.961319,-0.17910767,-0.28356934,0.15986633,-0.020933526,0.011656537,-0.006780299,0.9983056,-0.041315034,-0.041223824,0.04179839,0.9990754,0.010937703,0.04073343,-0.012642262,0.99910057
